OceanMesh2D
Run_001
1        	 ! NFOVER 
0        	 ! NABOUT 
1800        	 ! NSCREEN 
0        	 ! IHOT 
1         	 ! ICS 
511112          	 ! IM 
1            	 ! NOLIBF 
2            	 ! NOLIFA 
1           	 ! NOLICA 
1           	 ! NOLICAT 
3           	 ! NWP 
primitive_weighting_in_continuity_equation
advection_state
quadratic_friction_coefficient_at_sea_floor
0   	 	 ! NCOR 
1   	 	 ! NTIP 
0   	 	 ! NWS 
0    	 	 ! NRAMP 
9.810000    	 ! G  
-3   	 	 ! TAU0 
2    	 	 ! DTDP 
0  	 	 ! STATIM 
0   	 	 ! REFTIM 
7.25   	 	 ! RNDY 
0   	 	 ! DRAMP 
0 1 0   	  ! A00, B00, C00 
0.1 0 0 0.01    	 ! H0, 2*dummy, VELMIN 
198.038149 -10.563033  	 	 ! SLAM0, SFEA0 
0.002500     	 ! CF 
-0.050000     	 	 ! ELSM 
0.000000   	 ! CORI 
8   	 	 ! NTIF 
Q1 
0.019303  6.495854130e-05 0.695000 1.137445 32.426548   	 !  TPK, AMIGT, ETRF, FFT, FACET 
O1 
0.100818  6.759774407e-05 0.695000 1.168720 319.365424   	 !  TPK, AMIGT, ETRF, FFT, FACET 
P1 
0.047037  7.252294576e-05 0.706000 0.990119 62.678466   	 !  TPK, AMIGT, ETRF, FFT, FACET 
K1 
0.141909  7.292115851e-05 0.736000 1.105423 293.933244   	 !  TPK, AMIGT, ETRF, FFT, FACET 
N2 
0.046510  1.378796998e-04 0.693000 0.968158 322.003118   	 !  TPK, AMIGT, ETRF, FFT, FACET 
M2 
0.242922  1.405189028e-04 0.693000 0.967049 251.603684   	 !  TPK, AMIGT, ETRF, FFT, FACET 
S2 
0.113308  1.454441043e-04 0.693000 1.002079 0.050038   	 !  TPK, AMIGT, ETRF, FFT, FACET 
K2 
0.030779  1.458423170e-04 0.693000 1.289007 47.635151   	 !  TPK, AMIGT, ETRF, FFT, FACET 
8   	 	 ! NBFR 
Q1  
 6.495854130e-05 1.137445 32.426548 
O1  
 6.759774407e-05 1.168720 319.365424 
P1  
 7.252294576e-05 0.990119 62.678466 
K1  
 7.292115851e-05 1.105423 293.933244 
N2  
 1.378796998e-04 0.968158 322.003118 
M2  
 1.405189028e-04 0.967049 251.603684 
S2  
 1.454441043e-04 1.002079 0.050038 
K2  
 1.458423170e-04 1.289007 47.635151 
Q1 
 5.290596069e-03  5.229363101e+01 
 5.298333397e-03  5.226020533e+01 
 5.307276155e-03  5.222415513e+01 
 5.315830310e-03  5.218643757e+01 
 5.310740977e-03  5.235256367e+01 
 5.290664026e-03  5.279239688e+01 
 5.276299947e-03  5.297429146e+01 
 5.260944570e-03  5.309606156e+01 
 5.243972690e-03  5.321142608e+01 
 5.206344505e-03  5.369320427e+01 
 5.178081316e-03  5.404732890e+01 
 5.115833207e-03  5.479834818e+01 
 5.073576909e-03  5.528568261e+01 
 5.023862588e-03  5.586835920e+01 
 4.980876150e-03  5.646550254e+01 
 4.932006523e-03  5.716247767e+01 
 4.871995703e-03  5.805277999e+01 
 4.808006863e-03  5.903742222e+01 
 4.747654196e-03  5.997357785e+01 
 4.705285724e-03  6.062797711e+01 
 4.659457724e-03  6.149060976e+01 
 4.619797103e-03  6.227345185e+01 
 4.581965605e-03  6.304773403e+01 
 4.528335620e-03  6.419150168e+01 
 4.477881330e-03  6.530221621e+01 
 4.419807867e-03  6.662697347e+01 
 4.353519033e-03  6.821484080e+01 
 4.281171246e-03  7.005857893e+01 
 4.223080189e-03  7.163377991e+01 
 4.170281745e-03  7.315253809e+01 
 4.121222326e-03  7.462698762e+01 
 4.077442667e-03  7.596752962e+01 
 4.041739111e-03  7.706632887e+01 
 4.016906667e-03  7.784866358e+01 
 3.973251028e-03  7.936305821e+01 
 3.943531446e-03  8.049766277e+01 
 3.897486032e-03  8.245305111e+01 
 3.858148516e-03  8.454771009e+01 
 3.836583184e-03  8.594325259e+01 
 3.819207570e-03  8.709971646e+01 
 3.806987410e-03  8.793249516e+01 
 3.793768383e-03  8.884595514e+01 
 3.780689908e-03  8.981136239e+01 
 3.763876394e-03  9.114041021e+01 
 3.748710243e-03  9.264664970e+01 
 3.739150214e-03  9.427460778e+01 
 3.733459480e-03  9.606696501e+01 
 3.729386107e-03  9.747844518e+01 
 3.724554333e-03  9.868819054e+01 
 3.722884629e-03  9.996757734e+01 
 3.725955843e-03  1.016991682e+02 
 3.734115107e-03  1.037763439e+02 
 3.746160613e-03  1.060434781e+02 
 3.759112909e-03  1.080003517e+02 
 3.777391681e-03  1.101882455e+02 
 3.798222713e-03  1.119309935e+02 
 3.823379810e-03  1.137703256e+02 
 3.850790740e-03  1.155693234e+02 
 3.878810474e-03  1.172456215e+02 
 3.905848968e-03  1.187310446e+02 
 3.936552669e-03  1.202899592e+02 
 3.962929785e-03  1.211973340e+02 
 3.990374451e-03  1.221247220e+02 
 4.017278035e-03  1.230057111e+02 
 4.043471021e-03  1.238448623e+02 
 4.069198234e-03  1.246605171e+02 
 4.075104986e-03  1.245951254e+02 
 4.079934517e-03  1.245278435e+02 
 4.083096390e-03  1.244525236e+02 
 4.085659349e-03  1.243599148e+02 
 4.087390521e-03  1.242599170e+02 
 4.087885611e-03  1.241602917e+02 
 4.064307316e-03  1.229095324e+02 
 4.041421201e-03  1.216653109e+02 
 4.029729864e-03  1.209614635e+02 
 4.022507240e-03  1.204617106e+02 
 4.016348343e-03  1.200044078e+02 
 4.017181172e-03  1.200267485e+02 
 4.000173145e-03  1.188472872e+02 
 3.991554990e-03  1.182686243e+02 
 3.967229310e-03  1.164870449e+02 
 3.948923972e-03  1.149517351e+02 
 3.933700248e-03  1.134843091e+02 
 3.920009753e-03  1.119616270e+02 
 3.907867219e-03  1.104602940e+02 
 3.898665014e-03  1.085045145e+02 
 3.894564065e-03  1.066189451e+02 
 3.893165637e-03  1.048698730e+02 
 3.895957562e-03  1.032344957e+02 
 3.902039241e-03  1.014152043e+02 
 3.911248610e-03  9.967185471e+01 
 3.924042902e-03  9.796627676e+01 
 3.940436857e-03  9.628193668e+01 
 3.960009001e-03  9.484732853e+01 
 3.981482385e-03  9.340997197e+01 
 4.001986300e-03  9.214823420e+01 
 4.024718677e-03  9.085115657e+01 
 4.051293504e-03  8.951834063e+01 
 4.077611833e-03  8.829383482e+01 
 4.104492357e-03  8.711757781e+01 
 4.126804021e-03  8.619697057e+01 
 4.144956600e-03  8.548550886e+01 
 4.168691070e-03  8.456631398e+01 
 4.194643130e-03  8.361836819e+01 
 4.228995094e-03  8.242742928e+01 
 4.265282447e-03  8.123069486e+01 
 4.301624729e-03  8.009735035e+01 
 4.339822962e-03  7.896658549e+01 
 4.375131731e-03  7.787597460e+01 
 4.406431531e-03  7.691970956e+01 
 4.440570430e-03  7.588145405e+01 
 4.469828239e-03  7.498031908e+01 
 4.503006079e-03  7.393360541e+01 
 4.531916499e-03  7.299904988e+01 
 4.559939467e-03  7.209401953e+01 
 4.588392753e-03  7.123625396e+01 
 4.608836811e-03  7.061259610e+01 
 4.625841720e-03  7.009504732e+01 
 4.647602994e-03  6.942102587e+01 
 4.677459627e-03  6.847003715e+01 
 4.707662499e-03  6.751721155e+01 
 4.737582456e-03  6.652710436e+01 
 4.765616293e-03  6.556816308e+01 
 4.784404309e-03  6.494530661e+01 
 4.804094005e-03  6.428742921e+01 
 4.824192021e-03  6.359206895e+01 
 4.842272769e-03  6.294073150e+01 
 4.859398492e-03  6.229742575e+01 
 4.870638477e-03  6.191509479e+01 
 4.883385984e-03  6.148194255e+01 
 4.897419068e-03  6.100101615e+01 
 4.912144162e-03  6.048872151e+01 
 4.926422817e-03  5.998078925e+01 
 4.942595179e-03  5.940472966e+01 
 4.953365559e-03  5.914145773e+01 
 4.964680994e-03  5.886739315e+01 
 4.974956602e-03  5.861769608e+01 
 4.982599102e-03  5.843167112e+01 
 4.988052681e-03  5.830659509e+01 
 4.995031953e-03  5.814485942e+01 
 5.005615976e-03  5.789977846e+01 
 5.018228383e-03  5.760457296e+01 
 5.032704096e-03  5.725970135e+01 
 5.051531488e-03  5.674869946e+01 
 5.073400712e-03  5.618185780e+01 
 5.098622882e-03  5.555852166e+01 
 5.116103015e-03  5.513899123e+01 
 5.129363250e-03  5.482731899e+01 
 5.140288461e-03  5.457510229e+01 
 5.150003265e-03  5.439544660e+01 
 5.162689322e-03  5.416044285e+01 
 5.180508008e-03  5.383578013e+01 
 5.199444118e-03  5.351886865e+01 
 5.222623401e-03  5.310385329e+01 
 5.244928010e-03  5.274216210e+01 
 5.265323545e-03  5.242290320e+01 
 5.275759725e-03  5.236738141e+01 
 5.277783208e-03  5.244500625e+01 
 5.290596069e-03  5.229363101e+01 
 5.290596069e-03  5.229363101e+01 
O1 
 2.680449810e-02  6.606550655e+01 
 2.681356166e-02  6.613131524e+01 
 2.682292442e-02  6.621789319e+01 
 2.682972460e-02  6.630970753e+01 
 2.676311218e-02  6.657171693e+01 
 2.654444667e-02  6.725532839e+01 
 2.636429926e-02  6.762705930e+01 
 2.618092190e-02  6.792987273e+01 
 2.600021634e-02  6.821848358e+01 
 2.570651026e-02  6.888440728e+01 
 2.549031204e-02  6.937970355e+01 
 2.502180664e-02  7.045006464e+01 
 2.470894482e-02  7.116097556e+01 
 2.434951110e-02  7.201570032e+01 
 2.405749026e-02  7.280572587e+01 
 2.372935805e-02  7.373317122e+01 
 2.333241479e-02  7.492390296e+01 
 2.291490061e-02  7.625216412e+01 
 2.252429917e-02  7.753326786e+01 
 2.225178247e-02  7.844257638e+01 
 2.196606731e-02  7.953420197e+01 
 2.172226261e-02  8.052774820e+01 
 2.149218361e-02  8.151399612e+01 
 2.116646461e-02  8.297669673e+01 
 2.086068140e-02  8.441036994e+01 
 2.051216223e-02  8.613633286e+01 
 2.012109055e-02  8.822648603e+01 
 1.970350895e-02  9.067809661e+01 
 1.937650388e-02  9.279071197e+01 
 1.908613634e-02  9.484278486e+01 
 1.881927271e-02  9.685324418e+01 
 1.858231767e-02  9.870600023e+01 
 1.839072363e-02  1.002463319e+02 
 1.825985652e-02  1.013510334e+02 
 1.803579402e-02  1.034634856e+02 
 1.789225486e-02  1.050391005e+02 
 1.768958229e-02  1.077414464e+02 
 1.754702972e-02  1.105753473e+02 
 1.748630180e-02  1.124329095e+02 
 1.744780480e-02  1.139863946e+02 
 1.742426166e-02  1.151079165e+02 
 1.740089293e-02  1.163406361e+02 
 1.738235024e-02  1.176386797e+02 
 1.736968752e-02  1.194213570e+02 
 1.738394074e-02  1.214008713e+02 
 1.744502480e-02  1.234621463e+02 
 1.754452193e-02  1.256810857e+02 
 1.762913346e-02  1.274290422e+02 
 1.770906555e-02  1.289533608e+02 
 1.781599751e-02  1.305218259e+02 
 1.799438761e-02  1.325774462e+02 
 1.823995199e-02  1.349844735e+02 
 1.853438959e-02  1.375692890e+02 
 1.881023043e-02  1.397642316e+02 
 1.914745007e-02  1.421664172e+02 
 1.943742724e-02  1.440106060e+02 
 1.976496538e-02  1.459213247e+02 
 2.010518510e-02  1.477609649e+02 
 2.043970689e-02  1.494488653e+02 
 2.075114498e-02  1.509229054e+02 
 2.109388976e-02  1.524467847e+02 
 2.127118854e-02  1.533008060e+02 
 2.145510669e-02  1.541742496e+02 
 2.163280443e-02  1.550027343e+02 
 2.180353871e-02  1.557924700e+02 
 2.196953500e-02  1.565633072e+02 
 2.189116741e-02  1.565015034e+02 
 2.180449614e-02  1.564449007e+02 
 2.171625382e-02  1.563846613e+02 
 2.161909386e-02  1.563079835e+02 
 2.152213982e-02  1.562239089e+02 
 2.142272739e-02  1.561464705e+02 
 2.100461142e-02  1.549218228e+02 
 2.059667282e-02  1.536761788e+02 
 2.037443817e-02  1.529494615e+02 
 2.022230015e-02  1.524189711e+02 
 2.008581914e-02  1.519245567e+02 
 2.005478966e-02  1.519530851e+02 
 1.974126147e-02  1.506662298e+02 
 1.958771536e-02  1.500304951e+02 
 1.913767062e-02  1.480272413e+02 
 1.876942589e-02  1.462418664e+02 
 1.843646348e-02  1.444824800e+02 
 1.810988070e-02  1.426035276e+02 
 1.780354123e-02  1.407049492e+02 
 1.749112503e-02  1.381350950e+02 
 1.722922804e-02  1.355612731e+02 
 1.701289521e-02  1.331138476e+02 
 1.686672745e-02  1.307767951e+02 
 1.673527559e-02  1.281231365e+02 
 1.664354141e-02  1.255298883e+02 
 1.659048721e-02  1.229410973e+02 
 1.657519621e-02  1.203404426e+02 
 1.665489820e-02  1.181599202e+02 
 1.675750873e-02  1.159752884e+02 
 1.686682385e-02  1.140607197e+02 
 1.699874026e-02  1.120971362e+02 
 1.717773033e-02  1.101055244e+02 
 1.736298876e-02  1.082859319e+02 
 1.755977081e-02  1.065522502e+02 
 1.772618602e-02  1.052006500e+02 
 1.786442677e-02  1.041625267e+02 
 1.802496215e-02  1.027578905e+02 
 1.820621022e-02  1.013134123e+02 
 1.845382019e-02  9.951211571e+01 
 1.872369027e-02  9.771955153e+01 
 1.900082465e-02  9.603857968e+01 
 1.929897823e-02  9.437739277e+01 
 1.955211391e-02  9.269849837e+01 
 1.978267055e-02  9.124162803e+01 
 2.003990609e-02  8.967870058e+01 
 2.026571307e-02  8.833969506e+01 
 2.052632940e-02  8.680229864e+01 
 2.075960143e-02  8.544807284e+01 
 2.099150252e-02  8.414886246e+01 
 2.124408312e-02  8.300028192e+01 
 2.142862885e-02  8.217435807e+01 
 2.158371946e-02  8.149498934e+01 
 2.178559487e-02  8.061813415e+01 
 2.206831069e-02  7.939832775e+01 
 2.236650225e-02  7.826740391e+01 
 2.266790444e-02  7.711064054e+01 
 2.295729232e-02  7.600894109e+01 
 2.315682266e-02  7.537175655e+01 
 2.336860725e-02  7.470757673e+01 
 2.358960384e-02  7.401479388e+01 
 2.379165896e-02  7.337378098e+01 
 2.398638635e-02  7.274741074e+01 
 2.410974665e-02  7.244571572e+01 
 2.424749705e-02  7.210025429e+01 
 2.439680357e-02  7.171198811e+01 
 2.455114516e-02  7.129568187e+01 
 2.470009262e-02  7.088356913e+01 
 2.486599915e-02  7.041371270e+01 
 2.494732669e-02  7.033749789e+01 
 2.503073417e-02  7.024899486e+01 
 2.510482883e-02  7.015925207e+01 
 2.515826188e-02  7.008273004e+01 
 2.519300138e-02  7.003986189e+01 
 2.523698480e-02  6.998007261e+01 
 2.530251822e-02  6.988148508e+01 
 2.537718968e-02  6.974490994e+01 
 2.545976773e-02  6.956364320e+01 
 2.559076864e-02  6.917227673e+01 
 2.574040483e-02  6.873119022e+01 
 2.590923757e-02  6.823982603e+01 
 2.602287275e-02  6.790299381e+01 
 2.610790150e-02  6.764928239e+01 
 2.617676539e-02  6.744103289e+01 
 2.622255383e-02  6.732553690e+01 
 2.628228488e-02  6.716962400e+01 
 2.636566613e-02  6.694579219e+01 
 2.644599534e-02  6.673951690e+01 
 2.656383280e-02  6.641925200e+01 
 2.667134775e-02  6.615381863e+01 
 2.677088074e-02  6.591452108e+01 
 2.678525503e-02  6.596859107e+01 
 2.675670183e-02  6.613437608e+01 
 2.680449810e-02  6.606550655e+01 
 2.680449810e-02  6.606550655e+01 
P1 
 9.830036062e-03  7.632963623e+01 
 9.836721896e-03  7.685604073e+01 
 9.846271986e-03  7.750537578e+01 
 9.857351732e-03  7.818009026e+01 
 9.817607992e-03  7.886607431e+01 
 9.689126377e-03  8.061407258e+01 
 9.586333469e-03  8.183295232e+01 
 9.485197339e-03  8.292797765e+01 
 9.389890412e-03  8.393993599e+01 
 9.224523690e-03  8.533784133e+01 
 9.106257734e-03  8.638489898e+01 
 8.858382479e-03  8.868434354e+01 
 8.699059627e-03  9.024128870e+01 
 8.523917425e-03  9.211119316e+01 
 8.375502016e-03  9.361895542e+01 
 8.214195506e-03  9.540224171e+01 
 8.027846581e-03  9.770341300e+01 
 7.842733414e-03  1.002946050e+02 
 7.679564610e-03  1.028331366e+02 
 7.571417131e-03  1.046581605e+02 
 7.443304956e-03  1.066112946e+02 
 7.339483783e-03  1.083878869e+02 
 7.246276440e-03  1.101518647e+02 
 7.121444258e-03  1.127899381e+02 
 7.012698270e-03  1.154020822e+02 
 6.901207455e-03  1.185579455e+02 
 6.795444064e-03  1.223691891e+02 
 6.709580581e-03  1.267969385e+02 
 6.665240746e-03  1.305516585e+02 
 6.646753410e-03  1.341346048e+02 
 6.647172827e-03  1.376037334e+02 
 6.660953135e-03  1.407755675e+02 
 6.681840701e-03  1.433866659e+02 
 6.703471658e-03  1.452271248e+02 
 6.756321883e-03  1.486346625e+02 
 6.811237989e-03  1.510616049e+02 
 6.933202242e-03  1.549930721e+02 
 7.096958432e-03  1.587844431e+02 
 7.220539213e-03  1.611117073e+02 
 7.337515343e-03  1.629638773e+02 
 7.425174870e-03  1.642686079e+02 
 7.523988290e-03  1.656791122e+02 
 7.630894390e-03  1.671341331e+02 
 7.786342799e-03  1.690567366e+02 
 7.969158553e-03  1.710750694e+02 
 8.175039943e-03  1.730181823e+02 
 8.410049670e-03  1.750028718e+02 
 8.600429981e-03  1.765355480e+02 
 8.779810354e-03  1.777904281e+02 
 8.973311207e-03  1.790162382e+02 
 9.240715551e-03  1.805334862e+02 
 9.568383674e-03  1.822311687e+02 
 9.934506789e-03  1.839961819e+02 
 1.025741709e-02  1.854546683e+02 
 1.062622458e-02  1.870034161e+02 
 1.091354762e-02  1.882291339e+02 
 1.122343509e-02  1.894748693e+02 
 1.153380867e-02  1.906577804e+02 
 1.182921661e-02  1.917299342e+02 
 1.209643928e-02  1.926564098e+02 
 1.238233063e-02  1.936038500e+02 
 1.250906747e-02  1.944197350e+02 
 1.264083462e-02  1.952577344e+02 
 1.276759775e-02  1.960589780e+02 
 1.288937516e-02  1.968310170e+02 
 1.300853668e-02  1.975927172e+02 
 1.293217386e-02  1.980086857e+02 
 1.285235874e-02  1.984546974e+02 
 1.277499066e-02  1.988732607e+02 
 1.269134243e-02  1.993076389e+02 
 1.260944895e-02  1.997198467e+02 
 1.252931466e-02  2.001308056e+02 
 1.218084378e-02  2.001813128e+02 
 1.183573919e-02  2.002437816e+02 
 1.164162956e-02  2.002702393e+02 
 1.150393335e-02  2.002800491e+02 
 1.137768798e-02  2.002866923e+02 
 1.135542193e-02  2.005242166e+02 
 1.105921485e-02  2.003242692e+02 
 1.091376432e-02  2.002354091e+02 
 1.047116596e-02  1.999161432e+02 
 1.008932496e-02  1.996335606e+02 
 9.724670804e-03  1.993423628e+02 
 9.346628269e-03  1.990174629e+02 
 8.973698700e-03  1.986854149e+02 
 8.518096622e-03  1.978300587e+02 
 8.075770583e-03  1.968854816e+02 
 7.664249393e-03  1.959272784e+02 
 7.296930385e-03  1.946992177e+02 
 6.888221372e-03  1.931613915e+02 
 6.497108270e-03  1.914773703e+02 
 6.114873445e-03  1.895622921e+02 
 5.738450693e-03  1.873564756e+02 
 5.473893788e-03  1.845600662e+02 
 5.218349099e-03  1.814332743e+02 
 5.004307724e-03  1.783889742e+02 
 4.796340962e-03  1.749296775e+02 
 4.618139985e-03  1.707843729e+02 
 4.474248578e-03  1.666139067e+02 
 4.358419932e-03  1.622772270e+02 
 4.282684170e-03  1.586739265e+02 
 4.236540593e-03  1.557532606e+02 
 4.144844162e-03  1.519712281e+02 
 4.069590102e-03  1.478081843e+02 
 4.006106053e-03  1.422782225e+02 
 3.980615603e-03  1.364639230e+02 
 3.995924016e-03  1.308034793e+02 
 4.052000631e-03  1.251102845e+02 
 4.074016126e-03  1.194853222e+02 
 4.123125611e-03  1.145778222e+02 
 4.206559980e-03  1.093664744e+02 
 4.301696293e-03  1.050033486e+02 
 4.432877527e-03  1.001494799e+02 
 4.569837086e-03  9.603296229e+01 
 4.721853637e-03  9.222881100e+01 
 4.914235996e-03  8.918818079e+01 
 5.060540404e-03  8.710221487e+01 
 5.186580841e-03  8.544792166e+01 
 5.355215465e-03  8.338983382e+01 
 5.599039628e-03  8.067042119e+01 
 5.867671851e-03  7.852299611e+01 
 6.145435244e-03  7.645666248e+01 
 6.417135787e-03  7.459622013e+01 
 6.606932530e-03  7.379900561e+01 
 6.809263182e-03  7.299937729e+01 
 7.022475903e-03  7.219535388e+01 
 7.219122137e-03  7.147715968e+01 
 7.410778040e-03  7.079426142e+01 
 7.530407808e-03  7.072157004e+01 
 7.663603999e-03  7.062209145e+01 
 7.807881222e-03  7.048935810e+01 
 7.957106034e-03  7.033480685e+01 
 8.101707601e-03  7.017841402e+01 
 8.262351310e-03  6.998908627e+01 
 8.333798884e-03  7.056834607e+01 
 8.407599110e-03  7.113045802e+01 
 8.473665602e-03  7.160308374e+01 
 8.521106933e-03  7.191154217e+01 
 8.551384700e-03  7.216591094e+01 
 8.590181774e-03  7.247456781e+01 
 8.647809195e-03  7.290863982e+01 
 8.713495127e-03  7.335521482e+01 
 8.785848761e-03  7.378272058e+01 
 8.901357615e-03  7.379144484e+01 
 9.030569685e-03  7.377487811e+01 
 9.173237027e-03  7.373432531e+01 
 9.267441161e-03  7.368487901e+01 
 9.336812350e-03  7.363600257e+01 
 9.392270751e-03  7.358615911e+01 
 9.426239973e-03  7.373933427e+01 
 9.470238121e-03  7.391680359e+01 
 9.530894374e-03  7.413016695e+01 
 9.586868862e-03  7.442432916e+01 
 9.672013012e-03  7.452491109e+01 
 9.747312341e-03  7.470067872e+01 
 9.816251095e-03  7.483492007e+01 
 9.820655205e-03  7.542185203e+01 
 9.796934201e-03  7.601155338e+01 
 9.830036062e-03  7.632963623e+01 
 9.830036062e-03  7.632963623e+01 
K1 
 3.474247897e-02  7.894138547e+01 
 3.479213570e-02  7.937637275e+01 
 3.485543076e-02  7.991378117e+01 
 3.492255180e-02  8.047287502e+01 
 3.480524407e-02  8.107007723e+01 
 3.440514833e-02  8.259626170e+01 
 3.407791929e-02  8.364688251e+01 
 3.374929444e-02  8.458922715e+01 
 3.343464278e-02  8.546354862e+01 
 3.287321246e-02  8.670776877e+01 
 3.246922005e-02  8.763973086e+01 
 3.161467333e-02  8.968653554e+01 
 3.105978162e-02  9.107330523e+01 
 3.044350362e-02  9.274064129e+01 
 2.991737808e-02  9.409753210e+01 
 2.934021592e-02  9.570220578e+01 
 2.866410591e-02  9.777568400e+01 
 2.798013035e-02  1.001158938e+02 
 2.736585616e-02  1.024156622e+02 
 2.695205227e-02  1.040749539e+02 
 2.646214941e-02  1.058629338e+02 
 2.605725056e-02  1.074935229e+02 
 2.568625813e-02  1.091182752e+02 
 2.517670542e-02  1.115590739e+02 
 2.471876946e-02  1.139904054e+02 
 2.422808317e-02  1.169492101e+02 
 2.372802155e-02  1.205588369e+02 
 2.326603017e-02  1.248063952e+02 
 2.296656845e-02  1.284577879e+02 
 2.275941133e-02  1.319863245e+02 
 2.261966048e-02  1.354433639e+02 
 2.253775452e-02  1.386389606e+02 
 2.250387959e-02  1.412940898e+02 
 2.250374498e-02  1.431797634e+02 
 2.254599980e-02  1.466998256e+02 
 2.263386091e-02  1.492317228e+02 
 2.288749475e-02  1.533761658e+02 
 2.328581895e-02  1.574220322e+02 
 2.360779306e-02  1.599270810e+02 
 2.392869075e-02  1.619309132e+02 
 2.417360126e-02  1.633471598e+02 
 2.445288325e-02  1.648798621e+02 
 2.475878032e-02  1.664645923e+02 
 2.521239713e-02  1.685637502e+02 
 2.575348565e-02  1.707749315e+02 
 2.637110136e-02  1.729118674e+02 
 2.708496486e-02  1.750988583e+02 
 2.766905704e-02  1.767851857e+02 
 2.823121490e-02  1.781643678e+02 
 2.884052228e-02  1.795129213e+02 
 2.968545459e-02  1.811834351e+02 
 3.072646667e-02  1.830494720e+02 
 3.189687349e-02  1.849822219e+02 
 3.293409995e-02  1.865721950e+02 
 3.412338020e-02  1.882533353e+02 
 3.504188746e-02  1.895810477e+02 
 3.603430156e-02  1.909258073e+02 
 3.702999708e-02  1.921978543e+02 
 3.797927748e-02  1.933466969e+02 
 3.883880791e-02  1.943361053e+02 
 3.975962087e-02  1.953449848e+02 
 4.012936855e-02  1.962242027e+02 
 4.051504054e-02  1.971269285e+02 
 4.088644864e-02  1.979906473e+02 
 4.124375509e-02  1.988230192e+02 
 4.159429377e-02  1.996447615e+02 
 4.129917210e-02  2.001109617e+02 
 4.099429649e-02  2.006111847e+02 
 4.070269979e-02  2.010817610e+02 
 4.039145983e-02  2.015716265e+02 
 4.009002137e-02  2.020380575e+02 
 3.979779066e-02  2.025032886e+02 
 3.861829936e-02  2.026071416e+02 
 3.745478425e-02  2.027235174e+02 
 3.680190301e-02  2.027802709e+02 
 3.633899664e-02  2.028119645e+02 
 3.591513221e-02  2.028380980e+02 
 3.583344331e-02  2.031058829e+02 
 3.484912279e-02  2.029260428e+02 
 3.436687245e-02  2.028458408e+02 
 3.290336141e-02  2.025464864e+02 
 3.164449770e-02  2.022767269e+02 
 3.044664077e-02  2.019901091e+02 
 2.920886058e-02  2.016623428e+02 
 2.799307024e-02  2.013186779e+02 
 2.651547644e-02  2.003912432e+02 
 2.508693564e-02  1.993521250e+02 
 2.376379866e-02  1.982841650e+02 
 2.259011186e-02  1.969047654e+02 
 2.129129005e-02  1.951628287e+02 
 2.005650213e-02  1.932429402e+02 
 1.885879571e-02  1.910476301e+02 
 1.769017004e-02  1.885105572e+02 
 1.689282910e-02  1.853304447e+02 
 1.613842966e-02  1.817813683e+02 
 1.552207720e-02  1.783403412e+02 
 1.494123159e-02  1.744548807e+02 
 1.447979913e-02  1.698603542e+02 
 1.413591196e-02  1.652985543e+02 
 1.389300900e-02  1.606298095e+02 
 1.376063809e-02  1.568116325e+02 
 1.370418448e-02  1.537613037e+02 
 1.352874894e-02  1.498456605e+02 
 1.341784234e-02  1.456173543e+02 
 1.338598298e-02  1.401312584e+02 
 1.348111975e-02  1.345150112e+02 
 1.369699684e-02  1.291841472e+02 
 1.403859972e-02  1.239409830e+02 
 1.424682297e-02  1.188410295e+02 
 1.451374968e-02  1.144572738e+02 
 1.488543944e-02  1.098523716e+02 
 1.526759709e-02  1.060222964e+02 
 1.576095105e-02  1.017743485e+02 
 1.625076423e-02  9.817167081e+01 
 1.677612688e-02  9.483509444e+01 
 1.742985778e-02  9.215247312e+01 
 1.792166463e-02  9.030268850e+01 
 1.834233776e-02  8.882907246e+01 
 1.890157585e-02  8.698626245e+01 
 1.970364076e-02  8.453354377e+01 
 2.059331939e-02  8.256970708e+01 
 2.150980831e-02  8.066479941e+01 
 2.240278101e-02  7.893420278e+01 
 2.303917670e-02  7.817428443e+01 
 2.371700060e-02  7.740749674e+01 
 2.443113483e-02  7.663153986e+01 
 2.508961513e-02  7.593488223e+01 
 2.573079265e-02  7.526899079e+01 
 2.614597262e-02  7.517501189e+01 
 2.660818159e-02  7.505262648e+01 
 2.710878622e-02  7.489639191e+01 
 2.762668538e-02  7.471767230e+01 
 2.812878624e-02  7.453685697e+01 
 2.868672015e-02  7.432002605e+01 
 2.897105818e-02  7.482189823e+01 
 2.926341510e-02  7.530336081e+01 
 2.952426695e-02  7.570310189e+01 
 2.971072179e-02  7.596021684e+01 
 2.983328445e-02  7.617417252e+01 
 2.998949427e-02  7.643123245e+01 
 3.022121009e-02  7.678873761e+01 
 3.048369684e-02  7.714782090e+01 
 3.077100465e-02  7.748081758e+01 
 3.119117914e-02  7.742846114e+01 
 3.165989848e-02  7.734515243e+01 
 3.217688444e-02  7.723173121e+01 
 3.251758497e-02  7.713466375e+01 
 3.276821368e-02  7.705185274e+01 
 3.296823649e-02  7.697535558e+01 
 3.310318920e-02  7.708073769e+01 
 3.327694996e-02  7.719793022e+01 
 3.351495065e-02  7.733154788e+01 
 3.374117139e-02  7.753194916e+01 
 3.406131893e-02  7.755446254e+01 
 3.434895764e-02  7.764781969e+01 
 3.460999157e-02  7.771226632e+01 
 3.466009411e-02  7.819407550e+01 
 3.460546141e-02  7.869798336e+01 
 3.474247897e-02  7.894138547e+01 
 3.474247897e-02  7.894138547e+01 
N2 
 9.683947596e-02  1.541638727e+02 
 9.715045907e-02  1.538009603e+02 
 9.752353913e-02  1.533642316e+02 
 9.790516624e-02  1.529163498e+02 
 9.790249601e-02  1.526445007e+02 
 9.774660148e-02  1.519706002e+02 
 9.768613394e-02  1.513847734e+02 
 9.760856621e-02  1.508305398e+02 
 9.749367760e-02  1.503368282e+02 
 9.689447243e-02  1.499738461e+02 
 9.645163408e-02  1.497097511e+02 
 9.549240949e-02  1.491398264e+02 
 9.485161534e-02  1.487595143e+02 
 9.410945122e-02  1.483254300e+02 
 9.335213230e-02  1.481006088e+02 
 9.248968524e-02  1.478407586e+02 
 9.143099600e-02  1.475170726e+02 
 9.030285941e-02  1.471586745e+02 
 8.923482342e-02  1.467989809e+02 
 8.848345947e-02  1.465326444e+02 
 8.745048378e-02  1.463781567e+02 
 8.652896300e-02  1.462336006e+02 
 8.562746110e-02  1.460849626e+02 
 8.430562597e-02  1.458483548e+02 
 8.301969611e-02  1.455912220e+02 
 8.147742203e-02  1.452464608e+02 
 7.962639506e-02  1.447859736e+02 
 7.747566693e-02  1.441850766e+02 
 7.562583083e-02  1.436166200e+02 
 7.385041368e-02  1.430260815e+02 
 7.212260056e-02  1.424035482e+02 
 7.053777081e-02  1.417824008e+02 
 6.922387894e-02  1.412263075e+02 
 6.828335073e-02  1.408085848e+02 
 6.644033846e-02  1.400113749e+02 
 6.507208330e-02  1.393972335e+02 
 6.273001708e-02  1.382893570e+02 
 6.029899566e-02  1.371171362e+02 
 5.871710109e-02  1.363402384e+02 
 5.747727377e-02  1.356492851e+02 
 5.658364792e-02  1.351251006e+02 
 5.560918890e-02  1.345301908e+02 
 5.458336134e-02  1.338911672e+02 
 5.321622808e-02  1.329874096e+02 
 5.167762599e-02  1.319405997e+02 
 5.006191269e-02  1.308303742e+02 
 4.834195254e-02  1.296077964e+02 
 4.701376689e-02  1.285757419e+02 
 4.603300886e-02  1.276304115e+02 
 4.503355427e-02  1.266466912e+02 
 4.373171089e-02  1.253279565e+02 
 4.223411237e-02  1.236912359e+02 
 4.067974167e-02  1.217721439e+02 
 3.940897402e-02  1.199869201e+02 
 3.807525770e-02  1.178599734e+02 
 3.690445061e-02  1.160083091e+02 
 3.574150465e-02  1.139060285e+02 
 3.468007780e-02  1.116696778e+02 
 3.376499998e-02  1.094130908e+02 
 3.302046051e-02  1.072510285e+02 
 3.231072291e-02  1.048153850e+02 
 3.137693608e-02  1.025726778e+02 
 3.048430748e-02  1.000026746e+02 
 2.969678060e-02  9.726119196e+01 
 2.901554991e-02  9.434101773e+01 
 2.843231036e-02  9.120206043e+01 
 2.782508345e-02  8.935823638e+01 
 2.723880741e-02  8.729863895e+01 
 2.673469893e-02  8.528924433e+01 
 2.624765581e-02  8.311209596e+01 
 2.582324804e-02  8.096226361e+01 
 2.545662038e-02  7.878663591e+01 
 2.469453006e-02  7.861284413e+01 
 2.394570260e-02  7.848796826e+01 
 2.351945895e-02  7.844980080e+01 
 2.321098583e-02  7.841704801e+01 
 2.292502558e-02  7.838664538e+01 
 2.279957165e-02  7.708658947e+01 
 2.221763077e-02  7.833525795e+01 
 2.194110314e-02  7.895652715e+01 
 2.113153620e-02  8.114957256e+01 
 2.045229402e-02  8.311014710e+01 
 1.982627893e-02  8.512609884e+01 
 1.920764898e-02  8.738132126e+01 
 1.863571912e-02  8.975910809e+01 
 1.819258907e-02  9.457025699e+01 
 1.787355552e-02  9.940969359e+01 
 1.769189234e-02  1.039739877e+02 
 1.783598469e-02  1.089846009e+02 
 1.817173729e-02  1.144883944e+02 
 1.867197545e-02  1.196253981e+02 
 1.933118583e-02  1.244863238e+02 
 2.014072010e-02  1.290508601e+02 
 2.159559917e-02  1.332382637e+02 
 2.319226935e-02  1.368910140e+02 
 2.470123458e-02  1.397131585e+02 
 2.634382904e-02  1.422848388e+02 
 2.831837238e-02  1.446640354e+02 
 3.021540109e-02  1.465950864e+02 
 3.212382352e-02  1.482573988e+02 
 3.365378527e-02  1.494558897e+02 
 3.487233476e-02  1.503216759e+02 
 3.609166044e-02  1.514946903e+02 
 3.739823456e-02  1.526660457e+02 
 3.910433053e-02  1.540698372e+02 
 4.089996453e-02  1.554128006e+02 
 4.267780375e-02  1.566304254e+02 
 4.452570302e-02  1.577976154e+02 
 4.586971083e-02  1.590256072e+02 
 4.709278883e-02  1.600519661e+02 
 4.845934570e-02  1.611049573e+02 
 4.966844612e-02  1.619597885e+02 
 5.106280967e-02  1.628889056e+02 
 5.231190996e-02  1.636649365e+02 
 5.353035439e-02  1.643881778e+02 
 5.504043804e-02  1.649286322e+02 
 5.614164042e-02  1.653001074e+02 
 5.706590385e-02  1.655971404e+02 
 5.827383186e-02  1.659670984e+02 
 5.995447051e-02  1.664443741e+02 
 6.193390469e-02  1.667316125e+02 
 6.396310186e-02  1.669697298e+02 
 6.588628063e-02  1.671576314e+02 
 6.735920807e-02  1.671079910e+02 
 6.888162841e-02  1.670419392e+02 
 7.044030065e-02  1.669498157e+02 
 7.184592871e-02  1.668416585e+02 
 7.318511977e-02  1.667159468e+02 
 7.416685792e-02  1.664679850e+02 
 7.524496295e-02  1.661894608e+02 
 7.640833111e-02  1.658810290e+02 
 7.759756532e-02  1.655499776e+02 
 7.872899916e-02  1.652174219e+02 
 7.996753445e-02  1.648431743e+02 
 8.086838591e-02  1.642618793e+02 
 8.176664078e-02  1.636761535e+02 
 8.254856599e-02  1.631609895e+02 
 8.310155371e-02  1.627991979e+02 
 8.349016345e-02  1.625229018e+02 
 8.398164742e-02  1.621765108e+02 
 8.469772275e-02  1.616703014e+02 
 8.550442731e-02  1.611014098e+02 
 8.638394878e-02  1.604891976e+02 
 8.739072447e-02  1.600004057e+02 
 8.848764525e-02  1.594822661e+02 
 8.966866421e-02  1.589334932e+02 
 9.043659561e-02  1.585796342e+02 
 9.099734164e-02  1.583247001e+02 
 9.144199635e-02  1.581244639e+02 
 9.183870501e-02  1.578492689e+02 
 9.234031667e-02  1.575054220e+02 
 9.301760119e-02  1.570508017e+02 
 9.371285453e-02  1.565473856e+02 
 9.450996140e-02  1.560925370e+02 
 9.525084356e-02  1.556411435e+02 
 9.590129756e-02  1.552598704e+02 
 9.627804947e-02  1.548191641e+02 
 9.640961802e-02  1.545043017e+02 
 9.683947596e-02  1.541638727e+02 
 9.683947596e-02  1.541638727e+02 
M2 
 3.496653401e-01  1.666123355e+02 
 3.515341029e-01  1.658694939e+02 
 3.538718046e-01  1.649775752e+02 
 3.563724502e-01  1.640680749e+02 
 3.569691349e-01  1.634994375e+02 
 3.579177093e-01  1.620968959e+02 
 3.591766085e-01  1.609057115e+02 
 3.603483194e-01  1.597953299e+02 
 3.612260705e-01  1.588173925e+02 
 3.596002242e-01  1.580663007e+02 
 3.583734986e-01  1.575230582e+02 
 3.556776355e-01  1.563616349e+02 
 3.538544197e-01  1.555952249e+02 
 3.517168642e-01  1.547258182e+02 
 3.488384413e-01  1.542517830e+02 
 3.455459817e-01  1.537075166e+02 
 3.414998448e-01  1.530352866e+02 
 3.372098286e-01  1.523019725e+02 
 3.331737106e-01  1.515812181e+02 
 3.303468188e-01  1.510572398e+02 
 3.257567243e-01  1.507259548e+02 
 3.216628036e-01  1.504235976e+02 
 3.176731957e-01  1.501203476e+02 
 3.118922097e-01  1.496545094e+02 
 3.063501185e-01  1.491671690e+02 
 2.998064539e-01  1.485384113e+02 
 2.920979160e-01  1.477275669e+02 
 2.833738515e-01  1.467064405e+02 
 2.760634035e-01  1.457671979e+02 
 2.692421606e-01  1.448096893e+02 
 2.628523663e-01  1.438182749e+02 
 2.572279105e-01  1.428434815e+02 
 2.527292202e-01  1.419797039e+02 
 2.495909790e-01  1.413341625e+02 
 2.434560115e-01  1.401078818e+02 
 2.390050798e-01  1.391635137e+02 
 2.315442351e-01  1.374562524e+02 
 2.239677594e-01  1.356379209e+02 
 2.191421650e-01  1.344220458e+02 
 2.155682516e-01  1.333466011e+02 
 2.130473918e-01  1.325317740e+02 
 2.103681499e-01  1.316090550e+02 
 2.075904443e-01  1.306189132e+02 
 2.040216016e-01  1.292230749e+02 
 2.000241586e-01  1.275971590e+02 
 1.958094342e-01  1.258562441e+02 
 1.914127680e-01  1.239316284e+02 
 1.881804590e-01  1.223247803e+02 
 1.861864417e-01  1.209124889e+02 
 1.841778568e-01  1.194446734e+02 
 1.815949250e-01  1.174811003e+02 
 1.787537129e-01  1.150669168e+02 
 1.760752157e-01  1.123027232e+02 
 1.741410602e-01  1.097994904e+02 
 1.723976967e-01  1.069019997e+02 
 1.706317865e-01  1.043748391e+02 
 1.691616418e-01  1.016086837e+02 
 1.681716199e-01  9.880295901e+01 
 1.676755543e-01  9.611613947e+01 
 1.676158982e-01  9.368169164e+01 
 1.679457380e-01  9.109271315e+01 
 1.666323276e-01  8.859456258e+01 
 1.657254776e-01  8.594075430e+01 
 1.652793096e-01  8.332426117e+01 
 1.652703753e-01  8.075608257e+01 
 1.656757106e-01  7.821125683e+01 
 1.643499562e-01  7.663612875e+01 
 1.631888983e-01  7.498499249e+01 
 1.622595458e-01  7.346825056e+01 
 1.614078058e-01  7.191319977e+01 
 1.607129956e-01  7.045639924e+01 
 1.601912067e-01  6.905722185e+01 
 1.560980987e-01  6.866842830e+01 
 1.520058708e-01  6.831372186e+01 
 1.496408728e-01  6.812458242e+01 
 1.479299478e-01  6.798234900e+01 
 1.463348965e-01  6.784632557e+01 
 1.463764078e-01  6.709419831e+01 
 1.423340103e-01  6.751312450e+01 
 1.403728417e-01  6.772053040e+01 
 1.343243265e-01  6.849555790e+01 
 1.290587699e-01  6.917104937e+01 
 1.239490238e-01  6.987212508e+01 
 1.185869007e-01  7.067203978e+01 
 1.132567910e-01  7.153879408e+01 
 1.064111722e-01  7.383493543e+01 
 9.974160437e-02  7.632686799e+01 
 9.365889219e-02  7.891501477e+01 
 8.837632685e-02  8.236800084e+01 
 8.278702690e-02  8.682245591e+01 
 7.782636789e-02  9.182303423e+01 
 7.344400754e-02  9.755343989e+01 
 6.975551882e-02  1.040827807e+02 
 6.933880316e-02  1.117403004e+02 
 7.018942924e-02  1.194932716e+02 
 7.201465093e-02  1.261602613e+02 
 7.488693131e-02  1.326839839e+02 
 7.956707482e-02  1.390460445e+02 
 8.471183301e-02  1.443047800e+02 
 9.039101229e-02  1.488350392e+02 
 9.520311181e-02  1.520611058e+02 
 9.918411805e-02  1.543622003e+02 
 1.030220212e-01  1.573975969e+02 
 1.073599905e-01  1.603775240e+02 
 1.133272437e-01  1.638628836e+02 
 1.199260768e-01  1.670845875e+02 
 1.267281967e-01  1.698916590e+02 
 1.340357162e-01  1.724693764e+02 
 1.398406583e-01  1.751936268e+02 
 1.453327877e-01  1.773980445e+02 
 1.516518233e-01  1.795862604e+02 
 1.573734483e-01  1.813027377e+02 
 1.641186193e-01  1.831134622e+02 
 1.702534750e-01  1.845764148e+02 
 1.763173537e-01  1.859016785e+02 
 1.832126951e-01  1.867527331e+02 
 1.882583584e-01  1.873219878e+02 
 1.925052260e-01  1.877670410e+02 
 1.980668863e-01  1.883114649e+02 
 2.058203804e-01  1.890029987e+02 
 2.144149003e-01  1.892845204e+02 
 2.232539470e-01  1.895023035e+02 
 2.316505650e-01  1.896805190e+02 
 2.376542563e-01  1.894766576e+02 
 2.438717653e-01  1.892740505e+02 
 2.502444263e-01  1.890654622e+02 
 2.559836337e-01  1.888679599e+02 
 2.614460150e-01  1.886743079e+02 
 2.650811614e-01  1.882556380e+02 
 2.690953871e-01  1.878031454e+02 
 2.734539936e-01  1.873200391e+02 
 2.779020112e-01  1.868182208e+02 
 2.821065387e-01  1.863302496e+02 
 2.867007870e-01  1.857942071e+02 
 2.893863283e-01  1.848245185e+02 
 2.920955883e-01  1.838485022e+02 
 2.944847997e-01  1.829889623e+02 
 2.962079834e-01  1.823839583e+02 
 2.973969460e-01  1.819141143e+02 
 2.989252597e-01  1.813233179e+02 
 3.011840507e-01  1.804549422e+02 
 3.037941263e-01  1.794705461e+02 
 3.067326212e-01  1.784001861e+02 
 3.103928274e-01  1.775877504e+02 
 3.144397252e-01  1.767177946e+02 
 3.188580413e-01  1.757838229e+02 
 3.217668821e-01  1.751730909e+02 
 3.239159811e-01  1.747289974e+02 
 3.256330822e-01  1.743777400e+02 
 3.271600601e-01  1.738592292e+02 
 3.291286202e-01  1.732075685e+02 
 3.318648925e-01  1.723395457e+02 
 3.347848615e-01  1.713606413e+02 
 3.381936596e-01  1.704888254e+02 
 3.414793418e-01  1.696088905e+02 
 3.444409408e-01  1.688626242e+02 
 3.464670971e-01  1.679571978e+02 
 3.474196895e-01  1.672969582e+02 
 3.496653401e-01  1.666123355e+02 
 3.496653401e-01  1.666123355e+02 
S2 
 7.594884601e-02  1.553839872e+02 
 7.862254225e-02  1.548542637e+02 
 8.187740563e-02  1.542559472e+02 
 8.524518891e-02  1.536819098e+02 
 8.692952157e-02  1.533355480e+02 
 9.079210879e-02  1.524964822e+02 
 9.419855458e-02  1.518152887e+02 
 9.732019598e-02  1.511917975e+02 
 9.995956346e-02  1.506411770e+02 
 1.008847224e-01  1.501702454e+02 
 1.015076456e-01  1.498272015e+02 
 1.027354698e-01  1.490887714e+02 
 1.034719432e-01  1.485976311e+02 
 1.042297695e-01  1.480414185e+02 
 1.037815189e-01  1.476842337e+02 
 1.032460666e-01  1.472723890e+02 
 1.025565872e-01  1.467677415e+02 
 1.018183953e-01  1.462272621e+02 
 1.011259537e-01  1.456965361e+02 
 1.006401389e-01  1.453056030e+02 
 9.889283379e-02  1.449359692e+02 
 9.733044829e-02  1.445876412e+02 
 9.580733232e-02  1.442342300e+02 
 9.362122297e-02  1.437026532e+02 
 9.155863410e-02  1.431543392e+02 
 8.916203206e-02  1.424417617e+02 
 8.638168300e-02  1.415102865e+02 
 8.329813578e-02  1.403248976e+02 
 8.075640751e-02  1.392152995e+02 
 7.843074791e-02  1.380889883e+02 
 7.631507059e-02  1.369588833e+02 
 7.452322013e-02  1.358898332e+02 
 7.314502291e-02  1.349653920e+02 
 7.220939144e-02  1.342805295e+02 
 7.029963568e-02  1.329285969e+02 
 6.893681023e-02  1.318725059e+02 
 6.670470515e-02  1.299092035e+02 
 6.444416016e-02  1.277732960e+02 
 6.301665561e-02  1.263348602e+02 
 6.206886874e-02  1.251339736e+02 
 6.142355849e-02  1.242273233e+02 
 6.076029095e-02  1.232214742e+02 
 6.007454572e-02  1.221527299e+02 
 5.924367362e-02  1.206920884e+02 
 5.830987714e-02  1.189495114e+02 
 5.729864581e-02  1.170358589e+02 
 5.624480270e-02  1.149596167e+02 
 5.551701502e-02  1.132901805e+02 
 5.523642263e-02  1.120118900e+02 
 5.493992558e-02  1.106970237e+02 
 5.453677248e-02  1.089513425e+02 
 5.410489967e-02  1.068480027e+02 
 5.375044025e-02  1.045170285e+02 
 5.354454640e-02  1.024673259e+02 
 5.340525566e-02  1.001586067e+02 
 5.307232806e-02  9.799136353e+01 
 5.280925711e-02  9.567599982e+01 
 5.265284006e-02  9.338722851e+01 
 5.259733425e-02  9.124432941e+01 
 5.262676636e-02  8.934474921e+01 
 5.273418607e-02  8.735856956e+01 
 5.208392887e-02  8.480553274e+01 
 5.152278499e-02  8.212796066e+01 
 5.108166780e-02  7.950788459e+01 
 5.074775454e-02  7.695278345e+01 
 5.050742644e-02  7.443293551e+01 
 4.974234320e-02  7.222145927e+01 
 4.902740579e-02  6.989122127e+01 
 4.842236463e-02  6.771731623e+01 
 4.784620587e-02  6.544212781e+01 
 4.735507633e-02  6.327087871e+01 
 4.694644081e-02  6.116791799e+01 
 4.556283155e-02  5.884131819e+01 
 4.424177768e-02  5.644117271e+01 
 4.351224646e-02  5.502767981e+01 
 4.300344750e-02  5.397843606e+01 
 4.254364396e-02  5.298054300e+01 
 4.252614087e-02  5.190945911e+01 
 4.144277391e-02  5.041222602e+01 
 4.093139571e-02  4.965217340e+01 
 3.941159100e-02  4.734766693e+01 
 3.816654503e-02  4.515350992e+01 
 3.702975395e-02  4.292673098e+01 
 3.591133948e-02  4.049101714e+01 
 3.487992218e-02  3.797130588e+01 
 3.344981144e-02  3.577978073e+01 
 3.213082960e-02  3.339248975e+01 
 3.099501394e-02  3.097928280e+01 
 2.983944085e-02  2.937564683e+01 
 2.856411393e-02  2.744425359e+01 
 2.734592948e-02  2.541148147e+01 
 2.615119582e-02  2.317089418e+01 
 2.499485343e-02  2.063409276e+01 
 2.351998772e-02  2.057577629e+01 
 2.202396452e-02  2.049760851e+01 
 2.068477399e-02  2.040179801e+01 
 1.929291710e-02  2.023043293e+01 
 1.768969614e-02  2.083923445e+01 
 1.618946875e-02  2.139891352e+01 
 1.470736061e-02  2.200222774e+01 
 1.353062938e-02  2.233864007e+01 
 1.260314987e-02  2.262597596e+01 
 1.172946934e-02  1.949198181e+01 
 1.086051723e-02  1.549452792e+01 
 9.849080820e-03  9.233072378e+00 
 8.957966223e-03  1.259728118e+00 
 8.293357377e-03  3.518812292e+02 
 7.886973326e-03  3.407685910e+02 
 8.746097712e-03  3.278518298e+02 
 9.796354864e-03  3.186226321e+02 
 1.115470764e-02  3.107127979e+02 
 1.244820445e-02  3.053107757e+02 
 1.406984864e-02  3.004451890e+02 
 1.557700596e-02  2.970544245e+02 
 1.710951466e-02  2.944262617e+02 
 1.798828508e-02  2.912872652e+02 
 1.864808333e-02  2.892066859e+02 
 1.920665050e-02  2.875648147e+02 
 1.994701648e-02  2.855778266e+02 
 2.098344102e-02  2.831180437e+02 
 2.140066463e-02  2.795992247e+02 
 2.182130084e-02  2.760371375e+02 
 2.223559503e-02  2.728519490e+02 
 2.197810252e-02  2.694530644e+02 
 2.175431114e-02  2.659013686e+02 
 2.155035747e-02  2.621967725e+02 
 2.137899389e-02  2.587665274e+02 
 2.122855063e-02  2.554195777e+02 
 2.077491224e-02  2.514039730e+02 
 2.039059623e-02  2.467496924e+02 
 2.012902241e-02  2.414620048e+02 
 2.001513322e-02  2.357828957e+02 
 2.005375316e-02  2.301711141e+02 
 2.030279278e-02  2.239477216e+02 
 2.072959655e-02  2.154002575e+02 
 2.161420678e-02  2.072064576e+02 
 2.274641219e-02  2.005581029e+02 
 2.373487504e-02  1.962568603e+02 
 2.457058722e-02  1.932067521e+02 
 2.572791135e-02  1.896447055e+02 
 2.761120423e-02  1.849458777e+02 
 2.998006302e-02  1.803415552e+02 
 3.280456793e-02  1.760927263e+02 
 3.545448569e-02  1.730828334e+02 
 3.848449541e-02  1.702852728e+02 
 4.191305407e-02  1.676996529e+02 
 4.423950396e-02  1.662113967e+02 
 4.597862718e-02  1.652216468e+02 
 4.738051422e-02  1.644863432e+02 
 4.914996228e-02  1.635628458e+02 
 5.141896951e-02  1.624860227e+02 
 5.452657098e-02  1.611884131e+02 
 5.803184807e-02  1.599047633e+02 
 6.149670522e-02  1.588516638e+02 
 6.499079009e-02  1.579108926e+02 
 6.805797988e-02  1.571877590e+02 
 7.119512676e-02  1.564228656e+02 
 7.327774613e-02  1.559075070e+02 
 7.594884601e-02  1.553839872e+02 
 7.594884601e-02  1.553839872e+02 
K2 
 1.911442489e-02  1.481971954e+02 
 1.984292945e-02  1.477180714e+02 
 2.073007910e-02  1.471822845e+02 
 2.164817419e-02  1.466721537e+02 
 2.211039108e-02  1.463848045e+02 
 2.317323711e-02  1.456879065e+02 
 2.410966019e-02  1.451054311e+02 
 2.496937763e-02  1.445563240e+02 
 2.569841919e-02  1.440566650e+02 
 2.596580741e-02  1.436391097e+02 
 2.614753656e-02  1.433265600e+02 
 2.650897048e-02  1.426327115e+02 
 2.672810224e-02  1.421563154e+02 
 2.695607543e-02  1.416044793e+02 
 2.685259331e-02  1.412518868e+02 
 2.672823695e-02  1.408390183e+02 
 2.656647407e-02  1.403230374e+02 
 2.639199991e-02  1.397579149e+02 
 2.622705647e-02  1.391921020e+02 
 2.611063975e-02  1.387697961e+02 
 2.565239972e-02  1.383808676e+02 
 2.524101152e-02  1.380113863e+02 
 2.483776350e-02  1.376328427e+02 
 2.425351470e-02  1.370566388e+02 
 2.369646059e-02  1.364563130e+02 
 2.304074009e-02  1.356691537e+02 
 2.226814301e-02  1.346293040e+02 
 2.139405966e-02  1.332910902e+02 
 2.065994409e-02  1.320249332e+02 
 1.997718730e-02  1.307230521e+02 
 1.934370871e-02  1.293962874e+02 
 1.879676293e-02  1.281242594e+02 
 1.836976823e-02  1.270149837e+02 
 1.807735090e-02  1.261888609e+02 
 1.748352162e-02  1.245429224e+02 
 1.705922586e-02  1.232515556e+02 
 1.636870038e-02  1.208494332e+02 
 1.567915790e-02  1.182156034e+02 
 1.525064260e-02  1.164360983e+02 
 1.496660874e-02  1.149640042e+02 
 1.477587712e-02  1.138606050e+02 
 1.458187541e-02  1.126430652e+02 
 1.438382881e-02  1.113515760e+02 
 1.414787723e-02  1.096022310e+02 
 1.389433066e-02  1.075423827e+02 
 1.363189192e-02  1.053044332e+02 
 1.336973785e-02  1.029065072e+02 
 1.319822749e-02  1.010135167e+02 
 1.314301053e-02  9.960876384e+01 
 1.308806010e-02  9.817638644e+01 
 1.301872376e-02  9.629714366e+01 
 1.296033815e-02  9.407150814e+01 
 1.293974251e-02  9.165155999e+01 
 1.295908024e-02  8.955975507e+01 
 1.301559590e-02  8.723010158e+01 
 1.302180387e-02  8.504647529e+01 
 1.305979347e-02  8.272858774e+01 
 1.313023709e-02  8.044291318e+01 
 1.322493525e-02  7.829693915e+01 
 1.333355990e-02  7.637933265e+01 
 1.347167488e-02  7.435102879e+01 
 1.342565539e-02  7.174422156e+01 
 1.341227287e-02  6.898449057e+01 
 1.343104061e-02  6.625761772e+01 
 1.347977252e-02  6.356276864e+01 
 1.355726658e-02  6.087222171e+01 
 1.345922669e-02  5.857653895e+01 
 1.338233598e-02  5.615660688e+01 
 1.332816834e-02  5.390345707e+01 
 1.328672395e-02  5.155757781e+01 
 1.326264789e-02  4.933581628e+01 
 1.325777201e-02  4.719861339e+01 
 1.295327533e-02  4.501835668e+01 
 1.266376632e-02  4.278357620e+01 
 1.250380811e-02  4.147783604e+01 
 1.239271193e-02  4.051247530e+01 
 1.229268163e-02  3.959745329e+01 
 1.233795655e-02  3.855699532e+01 
 1.205342890e-02  3.725834737e+01 
 1.191891239e-02  3.659537582e+01 
 1.151094912e-02  3.458825839e+01 
 1.117665110e-02  3.265205474e+01 
 1.086912738e-02  3.065896221e+01 
 1.056416685e-02  2.845135110e+01 
 1.028121078e-02  2.613127287e+01 
 9.850757716e-03  2.404964718e+01 
 9.458184478e-03  2.170567948e+01 
 9.124009839e-03  1.928325101e+01 
 8.776275680e-03  1.752619780e+01 
 8.405015230e-03  1.534267605e+01 
 8.064555172e-03  1.299878680e+01 
 7.746905936e-03  1.040082689e+01 
 7.457500033e-03  7.491906130e+00 
 7.066128515e-03  6.727170400e+00 
 6.688524863e-03  5.869912377e+00 
 6.365979710e-03  5.038212525e+00 
 6.046774313e-03  4.085185258e+00 
 5.683809765e-03  3.663333415e+00 
 5.358361740e-03  3.216443594e+00 
 5.046692154e-03  2.768594549e+00 
 4.806498957e-03  2.265305739e+00 
 4.619193911e-03  1.861762499e+00 
 4.490367939e-03  3.591310487e+02 
 4.368816276e-03  3.560345174e+02 
 4.233532523e-03  3.517986201e+02 
 4.115788329e-03  3.471300498e+02 
 4.023419984e-03  3.422819306e+02 
 3.954061787e-03  3.369946120e+02 
 4.144816892e-03  3.300320771e+02 
 4.353753100e-03  3.243681135e+02 
 4.618819344e-03  3.187749373e+02 
 4.873285475e-03  3.144005456e+02 
 5.203711017e-03  3.098950373e+02 
 5.520884832e-03  3.063509005e+02 
 5.854751587e-03  3.032790413e+02 
 6.005267648e-03  3.003145342e+02 
 6.122610704e-03  2.982265428e+02 
 6.224459164e-03  2.965110692e+02 
 6.364152479e-03  2.943419109e+02 
 6.569790546e-03  2.914845740e+02 
 6.592322049e-03  2.880814000e+02 
 6.621564753e-03  2.844982895e+02 
 6.665932422e-03  2.811482335e+02 
 6.526913138e-03  2.781133226e+02 
 6.396505359e-03  2.748618497e+02 
 6.271987116e-03  2.713988859e+02 
 6.163873260e-03  2.681524129e+02 
 6.064230924e-03  2.649548626e+02 
 5.851985763e-03  2.614752154e+02 
 5.640235190e-03  2.573102447e+02 
 5.442059797e-03  2.523772531e+02 
 5.268982538e-03  2.468317385e+02 
 5.134234053e-03  2.410800685e+02 
 5.037046247e-03  2.343257431e+02 
 4.905568423e-03  2.246124783e+02 
 4.920635591e-03  2.144302729e+02 
 5.062550145e-03  2.056289601e+02 
 5.235398506e-03  1.997472957e+02 
 5.400837807e-03  1.955262288e+02 
 5.651708215e-03  1.905746605e+02 
 6.093730986e-03  1.840673080e+02 
 6.686002310e-03  1.777921980e+02 
 7.421414429e-03  1.721573746e+02 
 8.126053269e-03  1.682718740e+02 
 8.938673376e-03  1.647480097e+02 
 9.863367602e-03  1.615753365e+02 
 1.049225220e-02  1.597863083e+02 
 1.096267739e-02  1.586114978e+02 
 1.134185158e-02  1.577465950e+02 
 1.182346143e-02  1.566968044e+02 
 1.244118599e-02  1.554902370e+02 
 1.328705077e-02  1.540660744e+02 
 1.424168824e-02  1.526983784e+02 
 1.518235157e-02  1.515810693e+02 
 1.613116176e-02  1.506089618e+02 
 1.696323679e-02  1.498727670e+02 
 1.781868410e-02  1.491536925e+02 
 1.838839367e-02  1.486924646e+02 
 1.911442489e-02  1.481971954e+02 
 1.911442489e-02  1.481971954e+02 
90   	 	 ! ANGINN 
0 0 0 0   	 ! NOUTE, TOUTSE, TOUTFE, NSPOOLE 
0  	 	 ! NSTAE 
0 0 0 0  	 ! NOUTV, TOUTV, TOUTFV, NSPOOLV 
0  	 	 ! NSTAV 
0 0 0 0  	 ! NOUTGE, ... 
0 0 0 0   ! NOUTGV, ... 
8  	 	 ! NFREQ 
Q1 
 6.495854130e-05 1.137445 32.426548 
O1 
 6.759774407e-05 1.168720 319.365424 
P1 
 7.252294576e-05 0.990119 62.678466 
K1 
 7.292115851e-05 1.105423 293.933244 
N2 
 1.378796998e-04 0.968158 322.003118 
M2 
 1.405189028e-04 0.967049 251.603684 
S2 
 1.454441043e-04 1.002079 0.050038 
K2 
 1.458423170e-04 1.289007 47.635151 
0 0 0 0  	 ! THAS, THAF, NHAINC, FMV 
0 0 0 0   	 ! NHASE, NHASV, NHAGE, NHAGV 
0 0  	  ! NHSTAR, NHSINC 
1 0   1.000000000e-10 25  	 ! ITITER, ISLDIA, CONVCR, ITMAX 
OceanMesh2D
Affiliation
Made by OceanMesh2D
History: None
https://github.com/CHLNDDEV/OceanMesh2D/
Comments: None
Host: Name
Metric, Datum
name@instit.edu
2023-10-19 00:00:00 UTC
