OceanMesh2D
Run_001
1        	 ! NFOVER 
0        	 ! NABOUT 
1800        	 ! NSCREEN 
0        	 ! IHOT 
1         	 ! ICS 
511112          	 ! IM 
1            	 ! NOLIBF 
2            	 ! NOLIFA 
1           	 ! NOLICA 
1           	 ! NOLICAT 
3           	 ! NWP 
primitive_weighting_in_continuity_equation
advection_state
quadratic_friction_coefficient_at_sea_floor
0   	 	 ! NCOR 
1   	 	 ! NTIP 
0   	 	 ! NWS 
0    	 	 ! NRAMP 
9.810000    	 ! G  
-3   	 	 ! TAU0 
2    	 	 ! DTDP 
0  	 	 ! STATIM 
0   	 	 ! REFTIM 
7.25   	 	 ! RNDY 
0   	 	 ! DRAMP 
0 1 0   	  ! A00, B00, C00 
0.1 0 0 0.01    	 ! H0, 2*dummy, VELMIN 
185.373080 -19.320714  	 	 ! SLAM0, SFEA0 
0.002500     	 ! CF 
-0.050000     	 	 ! ELSM 
0.000000   	 ! CORI 
8   	 	 ! NTIF 
Q1 
0.019303  6.495854130e-05 0.695000 1.159990 30.324747   	 !  TPK, AMIGT, ETRF, FFT, FACET 
O1 
0.100818  6.759774407e-05 0.695000 1.167254 319.276882   	 !  TPK, AMIGT, ETRF, FFT, FACET 
P1 
0.047037  7.252294576e-05 0.706000 0.989904 62.654909   	 !  TPK, AMIGT, ETRF, FFT, FACET 
K1 
0.141909  7.292115851e-05 0.736000 1.105297 293.974406   	 !  TPK, AMIGT, ETRF, FFT, FACET 
N2 
0.046510  1.378796998e-04 0.693000 0.968158 322.003118   	 !  TPK, AMIGT, ETRF, FFT, FACET 
M2 
0.242922  1.405189028e-04 0.693000 0.967160 251.631733   	 !  TPK, AMIGT, ETRF, FFT, FACET 
S2 
0.113308  1.454441043e-04 0.693000 1.002097 0.051972   	 !  TPK, AMIGT, ETRF, FFT, FACET 
K2 
0.030779  1.458423170e-04 0.693000 1.288455 47.675461   	 !  TPK, AMIGT, ETRF, FFT, FACET 
8   	 	 ! NBFR 
Q1  
 6.495854130e-05 1.159990 30.324747 
O1  
 6.759774407e-05 1.167254 319.276882 
P1  
 7.252294576e-05 0.989904 62.654909 
K1  
 7.292115851e-05 1.105297 293.974406 
N2  
 1.378796998e-04 0.968158 322.003118 
M2  
 1.405189028e-04 0.967160 251.631733 
S2  
 1.454441043e-04 1.002097 0.051972 
K2  
 1.458423170e-04 1.288455 47.675461 
Q1 
 4.647734540e-03  2.486650240e+01 
 4.705864529e-03  2.440431099e+01 
 4.770888447e-03  2.396907767e+01 
 4.831436064e-03  2.348564265e+01 
 4.880871810e-03  2.298348425e+01 
 4.936187871e-03  2.246619675e+01 
 5.042814650e-03  2.180407515e+01 
 5.100822123e-03  2.144923024e+01 
 5.158972588e-03  2.114745991e+01 
 5.211361440e-03  2.104619256e+01 
 5.266867056e-03  2.093992349e+01 
 5.315108092e-03  2.085042209e+01 
 5.365803488e-03  2.075698376e+01 
 5.419969438e-03  2.065836674e+01 
 5.468056341e-03  2.060827662e+01 
 5.517175970e-03  2.063595023e+01 
 5.565242122e-03  2.066154459e+01 
 5.608267535e-03  2.068567350e+01 
 5.648331500e-03  2.070951740e+01 
 5.688823275e-03  2.079278754e+01 
 5.739600699e-03  2.095650355e+01 
 5.786096911e-03  2.110277373e+01 
 5.825942578e-03  2.121541089e+01 
 5.872387140e-03  2.131422292e+01 
 5.911256733e-03  2.146666155e+01 
 5.949517059e-03  2.164333752e+01 
 5.983670747e-03  2.183064679e+01 
 6.014452214e-03  2.200745157e+01 
 6.044124975e-03  2.217058895e+01 
 6.077949033e-03  2.233743490e+01 
 6.135795344e-03  2.257736108e+01 
 6.172856889e-03  2.270255767e+01 
 6.208956907e-03  2.280712473e+01 
 6.248536273e-03  2.288615407e+01 
 6.286005788e-03  2.296102264e+01 
 6.320762923e-03  2.302709696e+01 
 6.358415314e-03  2.309276452e+01 
 6.402281843e-03  2.316611896e+01 
 6.451019125e-03  2.325205263e+01 
 6.509881749e-03  2.331581989e+01 
 6.581028066e-03  2.325639353e+01 
 6.649853378e-03  2.320702329e+01 
 6.721972282e-03  2.316320598e+01 
 6.857056529e-03  2.309655602e+01 
 7.011218603e-03  2.306038463e+01 
 7.099173317e-03  2.307788942e+01 
 7.190199848e-03  2.312260735e+01 
 7.269550582e-03  2.318192699e+01 
 7.346263386e-03  2.325586249e+01 
 7.444153977e-03  2.353585915e+01 
 7.498809140e-03  2.381421296e+01 
 7.545878243e-03  2.402542544e+01 
 7.597838147e-03  2.420578293e+01 
 7.650894269e-03  2.437288324e+01 
 7.674676949e-03  2.465203885e+01 
 7.680402788e-03  2.498045271e+01 
 7.680038732e-03  2.529548142e+01 
 7.674481909e-03  2.568434506e+01 
 7.625396202e-03  2.614175281e+01 
 7.573032016e-03  2.661185833e+01 
 7.530608352e-03  2.702972117e+01 
 7.487054111e-03  2.742546592e+01 
 7.441538104e-03  2.783781857e+01 
 7.371188947e-03  2.833419400e+01 
 7.284251605e-03  2.890751906e+01 
 7.210344337e-03  2.942163271e+01 
 7.138980298e-03  2.996834921e+01 
 7.079230799e-03  3.045741857e+01 
 7.010286960e-03  3.104449423e+01 
 6.947537858e-03  3.160190241e+01 
 6.869955557e-03  3.218824599e+01 
 6.807673655e-03  3.266524308e+01 
 6.738711985e-03  3.320235743e+01 
 6.680266080e-03  3.367010881e+01 
 6.619347521e-03  3.414085520e+01 
 6.562112834e-03  3.458810476e+01 
 6.511929030e-03  3.500652032e+01 
 6.466695222e-03  3.540842274e+01 
 6.422210986e-03  3.583282257e+01 
 6.381940765e-03  3.619503006e+01 
 6.338353293e-03  3.660622171e+01 
 6.292569449e-03  3.706918828e+01 
 6.234798706e-03  3.765653074e+01 
 6.163430770e-03  3.836749410e+01 
 6.090893721e-03  3.904481626e+01 
 6.024801909e-03  3.956949839e+01 
 5.960345779e-03  4.002404632e+01 
 5.904266872e-03  4.039963903e+01 
 5.855870734e-03  4.072528901e+01 
 5.808298909e-03  4.104481592e+01 
 5.764002579e-03  4.136230605e+01 
 5.723027451e-03  4.166962765e+01 
 5.686595897e-03  4.196036119e+01 
 5.653642513e-03  4.222105069e+01 
 5.623658430e-03  4.237231349e+01 
 5.596838091e-03  4.252035031e+01 
 5.569660661e-03  4.267421462e+01 
 5.542474030e-03  4.283138656e+01 
 5.515455099e-03  4.298830111e+01 
 5.497480221e-03  4.291962416e+01 
 5.480132626e-03  4.285409064e+01 
 5.461156357e-03  4.279208655e+01 
 5.441181595e-03  4.273795556e+01 
 5.421393548e-03  4.269155138e+01 
 5.404842224e-03  4.265597057e+01 
 5.388435644e-03  4.261688339e+01 
 5.373312895e-03  4.249665404e+01 
 5.358529903e-03  4.238296538e+01 
 5.343495363e-03  4.226037895e+01 
 5.327920698e-03  4.213296445e+01 
 5.310713627e-03  4.203809267e+01 
 5.291727726e-03  4.194492594e+01 
 5.272774774e-03  4.185527142e+01 
 5.253249542e-03  4.176372667e+01 
 5.229357644e-03  4.165591476e+01 
 5.209683968e-03  4.157116762e+01 
 5.190636991e-03  4.143492277e+01 
 5.167268951e-03  4.125932567e+01 
 5.145628111e-03  4.109576519e+01 
 5.124588030e-03  4.093307483e+01 
 5.103688452e-03  4.076917196e+01 
 5.084338352e-03  4.061456131e+01 
 5.065829739e-03  4.046648481e+01 
 5.048048109e-03  4.032370053e+01 
 5.027130179e-03  4.015236687e+01 
 5.009153841e-03  3.993360184e+01 
 4.991659276e-03  3.971207757e+01 
 4.973421852e-03  3.948362488e+01 
 4.954748638e-03  3.925351051e+01 
 4.936123948e-03  3.902728236e+01 
 4.916658529e-03  3.879534386e+01 
 4.895842861e-03  3.855163980e+01 
 4.866791876e-03  3.818548287e+01 
 4.843741679e-03  3.787546959e+01 
 4.822877375e-03  3.760005396e+01 
 4.801969310e-03  3.732533306e+01 
 4.781616158e-03  3.706138263e+01 
 4.759061187e-03  3.677076981e+01 
 4.739101308e-03  3.651726756e+01 
 4.717204292e-03  3.624087432e+01 
 4.694539845e-03  3.594321489e+01 
 4.674643822e-03  3.553219296e+01 
 4.654247196e-03  3.511697970e+01 
 4.635134177e-03  3.473008064e+01 
 4.597813630e-03  3.398792841e+01 
 4.575921314e-03  3.355948532e+01 
 4.562553494e-03  3.308884683e+01 
 4.550107388e-03  3.256849610e+01 
 4.538496176e-03  3.206935189e+01 
 4.527199294e-03  3.157742417e+01 
 4.515905135e-03  3.108119312e+01 
 4.505077155e-03  3.059275847e+01 
 4.507423179e-03  3.007944856e+01 
 4.513645134e-03  2.907110078e+01 
 4.519308463e-03  2.833552591e+01 
 4.528281124e-03  2.768844440e+01 
 4.546859217e-03  2.698482765e+01 
 4.566864085e-03  2.646443721e+01 
 4.588142932e-03  2.595689220e+01 
 4.613329884e-03  2.542690691e+01 
 4.647734540e-03  2.486650240e+01 
 4.647734540e-03  2.486650240e+01 
O1 
 3.167226217e-02  4.226632630e+01 
 3.232304165e-02  4.195339862e+01 
 3.304404479e-02  4.162165851e+01 
 3.368423685e-02  4.124601274e+01 
 3.417222226e-02  4.086115262e+01 
 3.465283626e-02  4.047954813e+01 
 3.543414475e-02  4.000553365e+01 
 3.584786152e-02  3.975568373e+01 
 3.624688116e-02  3.954818840e+01 
 3.656399999e-02  3.948009314e+01 
 3.689457902e-02  3.941140296e+01 
 3.717735159e-02  3.935566067e+01 
 3.747004696e-02  3.929956141e+01 
 3.777758657e-02  3.924127831e+01 
 3.803768323e-02  3.921007512e+01 
 3.828356451e-02  3.922221213e+01 
 3.852230487e-02  3.923374334e+01 
 3.873477834e-02  3.924802904e+01 
 3.892949127e-02  3.926704295e+01 
 3.910608929e-02  3.932604723e+01 
 3.930155584e-02  3.943915376e+01 
 3.947058930e-02  3.954363044e+01 
 3.961092791e-02  3.961974685e+01 
 3.977464968e-02  3.966452767e+01 
 3.988328695e-02  3.973222253e+01 
 3.998674888e-02  3.983258539e+01 
 4.006816830e-02  3.996126302e+01 
 4.012953539e-02  4.009197725e+01 
 4.017779529e-02  4.021300145e+01 
 4.022263369e-02  4.033257744e+01 
 4.028210529e-02  4.049123953e+01 
 4.030876702e-02  4.055273964e+01 
 4.033704035e-02  4.058320878e+01 
 4.037927353e-02  4.058594737e+01 
 4.042013094e-02  4.058359694e+01 
 4.046154041e-02  4.057683722e+01 
 4.051327439e-02  4.055839035e+01 
 4.058218729e-02  4.052132284e+01 
 4.067323219e-02  4.047804557e+01 
 4.080909574e-02  4.040650475e+01 
 4.102144402e-02  4.025082740e+01 
 4.123260073e-02  4.010478198e+01 
 4.145709046e-02  3.995478847e+01 
 4.188735183e-02  3.966523898e+01 
 4.241335678e-02  3.933734554e+01 
 4.272918034e-02  3.917762493e+01 
 4.305843648e-02  3.903335071e+01 
 4.334506558e-02  3.892439980e+01 
 4.362586934e-02  3.883323742e+01 
 4.395005924e-02  3.884397327e+01 
 4.409426170e-02  3.893469226e+01 
 4.420888706e-02  3.898752069e+01 
 4.432841163e-02  3.899828665e+01 
 4.444393231e-02  3.899553881e+01 
 4.439408862e-02  3.912558282e+01 
 4.424770922e-02  3.932767940e+01 
 4.406886912e-02  3.953542420e+01 
 4.381588002e-02  3.980673994e+01 
 4.336920657e-02  4.018775247e+01 
 4.291696385e-02  4.058886481e+01 
 4.253279883e-02  4.094339956e+01 
 4.215961958e-02  4.128769575e+01 
 4.179210636e-02  4.165832802e+01 
 4.130835714e-02  4.213121475e+01 
 4.073757712e-02  4.268752701e+01 
 4.024282383e-02  4.317311106e+01 
 3.975427808e-02  4.367154806e+01 
 3.934022452e-02  4.411084263e+01 
 3.886040954e-02  4.463790240e+01 
 3.842429255e-02  4.514057962e+01 
 3.793018732e-02  4.567896984e+01 
 3.753479275e-02  4.612421826e+01 
 3.709576845e-02  4.662858583e+01 
 3.672084537e-02  4.706602367e+01 
 3.633676510e-02  4.749894698e+01 
 3.598134611e-02  4.790200488e+01 
 3.567146679e-02  4.827697921e+01 
 3.539482908e-02  4.863715364e+01 
 3.512636476e-02  4.901685024e+01 
 3.490301662e-02  4.934046248e+01 
 3.466609032e-02  4.971692413e+01 
 3.442494901e-02  5.014939133e+01 
 3.412395567e-02  5.071712478e+01 
 3.375435362e-02  5.143097205e+01 
 3.337072661e-02  5.212999375e+01 
 3.301634898e-02  5.268460889e+01 
 3.266144977e-02  5.316587312e+01 
 3.234383453e-02  5.355939292e+01 
 3.206455463e-02  5.389662027e+01 
 3.178720757e-02  5.422616790e+01 
 3.152848873e-02  5.455057301e+01 
 3.128790942e-02  5.485694935e+01 
 3.107225825e-02  5.513844632e+01 
 3.087960074e-02  5.538262961e+01 
 3.072577737e-02  5.551283567e+01 
 3.059013568e-02  5.563919848e+01 
 3.045347612e-02  5.576862807e+01 
 3.031676197e-02  5.589579265e+01 
 3.018105956e-02  5.601690047e+01 
 3.012677500e-02  5.592767922e+01 
 3.007568876e-02  5.584346631e+01 
 3.002050337e-02  5.576254907e+01 
 2.996287019e-02  5.568994953e+01 
 2.990621758e-02  5.562561569e+01 
 2.985912193e-02  5.557499071e+01 
 2.981441348e-02  5.552228670e+01 
 2.979210888e-02  5.540145463e+01 
 2.976866812e-02  5.528793324e+01 
 2.974495132e-02  5.516441611e+01 
 2.972157259e-02  5.503483490e+01 
 2.968887385e-02  5.493147218e+01 
 2.965317377e-02  5.482846338e+01 
 2.961682433e-02  5.472919311e+01 
 2.957886572e-02  5.462773401e+01 
 2.953176968e-02  5.450777046e+01 
 2.949287829e-02  5.441280573e+01 
 2.946647018e-02  5.428030712e+01 
 2.943533811e-02  5.411065441e+01 
 2.940561098e-02  5.395476487e+01 
 2.937490969e-02  5.380393893e+01 
 2.934289290e-02  5.365307906e+01 
 2.931295312e-02  5.351087618e+01 
 2.928364844e-02  5.337454654e+01 
 2.925512371e-02  5.324246315e+01 
 2.922214918e-02  5.308245738e+01 
 2.920625157e-02  5.289422162e+01 
 2.919245671e-02  5.270434245e+01 
 2.917759895e-02  5.250746088e+01 
 2.916231013e-02  5.230782515e+01 
 2.914655751e-02  5.210992236e+01 
 2.912905321e-02  5.190525241e+01 
 2.910948499e-02  5.168752155e+01 
 2.908635303e-02  5.136511157e+01 
 2.907192131e-02  5.109564159e+01 
 2.905673872e-02  5.085434812e+01 
 2.904051008e-02  5.061167632e+01 
 2.902254408e-02  5.037620140e+01 
 2.900111417e-02  5.011558134e+01 
 2.898017303e-02  4.988642024e+01 
 2.895573010e-02  4.963541787e+01 
 2.893181221e-02  4.936871852e+01 
 2.894210539e-02  4.904041890e+01 
 2.895127392e-02  4.870881343e+01 
 2.895839945e-02  4.839938082e+01 
 2.896933529e-02  4.780705978e+01 
 2.897318533e-02  4.746529543e+01 
 2.902215121e-02  4.712681909e+01 
 2.908701139e-02  4.676208969e+01 
 2.915113155e-02  4.641406982e+01 
 2.921537699e-02  4.607297430e+01 
 2.928102281e-02  4.573136193e+01 
 2.934683262e-02  4.539733614e+01 
 2.947806555e-02  4.509177914e+01 
 2.974693453e-02  4.450171919e+01 
 2.995099190e-02  4.408214244e+01 
 3.014774561e-02  4.373005164e+01 
 3.041664065e-02  4.337868394e+01 
 3.066079198e-02  4.312976169e+01 
 3.092217342e-02  4.287719021e+01 
 3.123645169e-02  4.259902816e+01 
 3.167226217e-02  4.226632630e+01 
 3.167226217e-02  4.226632630e+01 
P1 
 1.747813371e-02  4.065910608e+01 
 1.786485162e-02  4.069251780e+01 
 1.829882146e-02  4.070531610e+01 
 1.869004427e-02  4.066641501e+01 
 1.899797019e-02  4.058837687e+01 
 1.929239023e-02  4.055370892e+01 
 1.972202432e-02  4.070154916e+01 
 1.995229346e-02  4.078233010e+01 
 2.016893207e-02  4.089568378e+01 
 2.031466337e-02  4.109363362e+01 
 2.046598803e-02  4.130625492e+01 
 2.059482069e-02  4.149318773e+01 
 2.072807770e-02  4.169101300e+01 
 2.086791880e-02  4.190069483e+01 
 2.097965306e-02  4.209804689e+01 
 2.107070251e-02  4.232830849e+01 
 2.115951136e-02  4.255205604e+01 
 2.123965742e-02  4.275592154e+01 
 2.131239688e-02  4.295440045e+01 
 2.136315761e-02  4.319143156e+01 
 2.139928382e-02  4.352617344e+01 
 2.142531589e-02  4.383818994e+01 
 2.144599251e-02  4.409090813e+01 
 2.147381113e-02  4.432478351e+01 
 2.146503712e-02  4.453809830e+01 
 2.145248890e-02  4.479466012e+01 
 2.143103627e-02  4.508228402e+01 
 2.140232026e-02  4.536880991e+01 
 2.136720964e-02  4.564466109e+01 
 2.132112870e-02  4.594169116e+01 
 2.123309802e-02  4.639752911e+01 
 2.116974593e-02  4.663257227e+01 
 2.111139953e-02  4.681264574e+01 
 2.106079699e-02  4.696919359e+01 
 2.101453432e-02  4.710564030e+01 
 2.097592742e-02  4.722258656e+01 
 2.094137848e-02  4.732899429e+01 
 2.090958381e-02  4.742778163e+01 
 2.088680522e-02  4.752553795e+01 
 2.088640066e-02  4.762459020e+01 
 2.094050154e-02  4.768563540e+01 
 2.099820063e-02  4.774039509e+01 
 2.106179245e-02  4.779114380e+01 
 2.118937965e-02  4.783804360e+01 
 2.136322983e-02  4.783357658e+01 
 2.147426142e-02  4.784629961e+01 
 2.158948276e-02  4.787588862e+01 
 2.168810175e-02  4.791674730e+01 
 2.178552399e-02  4.796740891e+01 
 2.186702176e-02  4.816009175e+01 
 2.187189787e-02  4.836268396e+01 
 2.186832326e-02  4.850992272e+01 
 2.185976337e-02  4.861617813e+01 
 2.184554829e-02  4.871092759e+01 
 2.173535059e-02  4.891235355e+01 
 2.157242509e-02  4.917379375e+01 
 2.139459581e-02  4.944269804e+01 
 2.115736323e-02  4.979560610e+01 
 2.083103779e-02  5.017362795e+01 
 2.050764795e-02  5.056793113e+01 
 2.022949914e-02  5.093024741e+01 
 1.996563359e-02  5.127906625e+01 
 1.971267827e-02  5.165603708e+01 
 1.940375521e-02  5.208706272e+01 
 1.904908435e-02  5.256861619e+01 
 1.873823299e-02  5.298455076e+01 
 1.842599095e-02  5.340497830e+01 
 1.815929305e-02  5.377390244e+01 
 1.785009075e-02  5.421721535e+01 
 1.756954029e-02  5.464205191e+01 
 1.726835684e-02  5.503559995e+01 
 1.702992171e-02  5.536645886e+01 
 1.676636638e-02  5.574339212e+01 
 1.654073711e-02  5.606861744e+01 
 1.631177471e-02  5.635810353e+01 
 1.610094256e-02  5.660274861e+01 
 1.591678536e-02  5.682949188e+01 
 1.575245171e-02  5.704963371e+01 
 1.559310252e-02  5.728373984e+01 
 1.546782215e-02  5.745146091e+01 
 1.533657709e-02  5.766156664e+01 
 1.520564248e-02  5.792166748e+01 
 1.504548650e-02  5.828887733e+01 
 1.485345733e-02  5.878458668e+01 
 1.465516584e-02  5.927894723e+01 
 1.447523176e-02  5.963925880e+01 
 1.429353957e-02  5.990789937e+01 
 1.412765261e-02  6.009900835e+01 
 1.397880333e-02  6.024534386e+01 
 1.382904728e-02  6.037740144e+01 
 1.368730755e-02  6.050285703e+01 
 1.355330623e-02  6.060535275e+01 
 1.343050541e-02  6.068195614e+01 
 1.332158962e-02  6.071179923e+01 
 1.324962509e-02  6.057792465e+01 
 1.318671425e-02  6.045384855e+01 
 1.312406248e-02  6.032134710e+01 
 1.306160789e-02  6.016959578e+01 
 1.300020739e-02  5.999575002e+01 
 1.300722428e-02  5.963096542e+01 
 1.301561231e-02  5.928348668e+01 
 1.302533461e-02  5.892145238e+01 
 1.303581236e-02  5.856130205e+01 
 1.304671900e-02  5.821666110e+01 
 1.305631492e-02  5.793343754e+01 
 1.306844456e-02  5.765155906e+01 
 1.310452856e-02  5.731210390e+01 
 1.313801586e-02  5.699048782e+01 
 1.317301748e-02  5.665352740e+01 
 1.321100250e-02  5.630316820e+01 
 1.324364968e-02  5.596299761e+01 
 1.327966029e-02  5.560466478e+01 
 1.331513910e-02  5.525443834e+01 
 1.335119704e-02  5.489662725e+01 
 1.339455653e-02  5.446726356e+01 
 1.342977447e-02  5.412238056e+01 
 1.347800275e-02  5.376378274e+01 
 1.353832148e-02  5.332692721e+01 
 1.359232131e-02  5.292788596e+01 
 1.364291114e-02  5.254114033e+01 
 1.369181294e-02  5.215734634e+01 
 1.373687449e-02  5.180008332e+01 
 1.377918993e-02  5.146012893e+01 
 1.381937500e-02  5.113431221e+01 
 1.386722475e-02  5.074670307e+01 
 1.392379717e-02  5.038859759e+01 
 1.398061845e-02  5.003931037e+01 
 1.403875721e-02  4.968089627e+01 
 1.409739587e-02  4.932046136e+01 
 1.415497751e-02  4.896656587e+01 
 1.421353322e-02  4.860443914e+01 
 1.427476183e-02  4.822406381e+01 
 1.436490724e-02  4.769710914e+01 
 1.443992968e-02  4.728454517e+01 
 1.450551295e-02  4.691921540e+01 
 1.456980978e-02  4.655792673e+01 
 1.463026283e-02  4.621058996e+01 
 1.469515096e-02  4.583159874e+01 
 1.475053926e-02  4.550125643e+01 
 1.480925943e-02  4.514432287e+01 
 1.487099006e-02  4.478059777e+01 
 1.495639810e-02  4.443705190e+01 
 1.504118217e-02  4.409270456e+01 
 1.511834602e-02  4.377339019e+01 
 1.526212352e-02  4.316875974e+01 
 1.534222900e-02  4.282211742e+01 
 1.543505914e-02  4.256712260e+01 
 1.553819067e-02  4.231217568e+01 
 1.563681152e-02  4.206892991e+01 
 1.573314794e-02  4.183041505e+01 
 1.582961875e-02  4.159041860e+01 
 1.592366087e-02  4.135660963e+01 
 1.603499219e-02  4.124660917e+01 
 1.625565291e-02  4.103303416e+01 
 1.641630537e-02  4.087946281e+01 
 1.656038959e-02  4.077685011e+01 
 1.673117411e-02  4.073332193e+01 
 1.687439742e-02  4.073545818e+01 
 1.702730418e-02  4.072724729e+01 
 1.721156566e-02  4.070308822e+01 
 1.747813371e-02  4.065910608e+01 
 1.747813371e-02  4.065910608e+01 
K1 
 5.999105403e-02  4.551735345e+01 
 6.162912602e-02  4.575296069e+01 
 6.347210649e-02  4.597359426e+01 
 6.512803362e-02  4.608551313e+01 
 6.641284940e-02  4.608597043e+01 
 6.763408664e-02  4.610628276e+01 
 6.943051997e-02  4.631435111e+01 
 7.037909371e-02  4.642235692e+01 
 7.126812353e-02  4.655962441e+01 
 7.188458307e-02  4.676980309e+01 
 7.251953591e-02  4.699227055e+01 
 7.305586080e-02  4.718563554e+01 
 7.360574022e-02  4.738834631e+01 
 7.417585561e-02  4.760123494e+01 
 7.463213306e-02  4.779790228e+01 
 7.501285270e-02  4.802192984e+01 
 7.538022001e-02  4.823850798e+01 
 7.570611608e-02  4.843593424e+01 
 7.599873462e-02  4.862798758e+01 
 7.621085118e-02  4.885428461e+01 
 7.637372727e-02  4.917068683e+01 
 7.649092731e-02  4.946582602e+01 
 7.658017646e-02  4.970393993e+01 
 7.669196717e-02  4.992056183e+01 
 7.666563869e-02  5.011293939e+01 
 7.662194221e-02  5.034737150e+01 
 7.654377331e-02  5.061325165e+01 
 7.643387751e-02  5.088018683e+01 
 7.629437898e-02  5.113650161e+01 
 7.610490789e-02  5.141120811e+01 
 7.572799057e-02  5.182786311e+01 
 7.544995869e-02  5.203437156e+01 
 7.518982543e-02  5.218608600e+01 
 7.495071215e-02  5.231530616e+01 
 7.472575411e-02  5.242618811e+01 
 7.452793926e-02  5.251824917e+01 
 7.433611767e-02  5.259350340e+01 
 7.414424063e-02  5.264913568e+01 
 7.398473087e-02  5.269643150e+01 
 7.389572533e-02  5.274087597e+01 
 7.398539838e-02  5.275479847e+01 
 7.408862699e-02  5.276534375e+01 
 7.420264682e-02  5.276911682e+01 
 7.443208884e-02  5.272093378e+01 
 7.478573393e-02  5.259182613e+01 
 7.502918418e-02  5.252380869e+01 
 7.528083980e-02  5.246445265e+01 
 7.549250967e-02  5.242370451e+01 
 7.570547321e-02  5.239220112e+01 
 7.582597475e-02  5.245329615e+01 
 7.574829092e-02  5.256682394e+01 
 7.565102366e-02  5.264110812e+01 
 7.552300960e-02  5.267286607e+01 
 7.537113269e-02  5.269608028e+01 
 7.492353892e-02  5.283768490e+01 
 7.431697241e-02  5.304901554e+01 
 7.366497636e-02  5.327501068e+01 
 7.280318241e-02  5.357928857e+01 
 7.169270188e-02  5.393206128e+01 
 7.059766666e-02  5.430060790e+01 
 6.964934697e-02  5.463504586e+01 
 6.875474715e-02  5.495834526e+01 
 6.790268551e-02  5.530733088e+01 
 6.688700781e-02  5.571691996e+01 
 6.572803145e-02  5.618225638e+01 
 6.470518423e-02  5.658144921e+01 
 6.367090731e-02  5.697803514e+01 
 6.278494133e-02  5.732371204e+01 
 6.175540710e-02  5.773857927e+01 
 6.081932439e-02  5.813598069e+01 
 5.982172136e-02  5.851205960e+01 
 5.902928677e-02  5.882894444e+01 
 5.814936193e-02  5.918993256e+01 
 5.739275200e-02  5.950097604e+01 
 5.662317344e-02  5.977959957e+01 
 5.591258751e-02  6.001654833e+01 
 5.529003019e-02  6.023657609e+01 
 5.473349681e-02  6.045061143e+01 
 5.419292135e-02  6.067901557e+01 
 5.376773479e-02  6.084842345e+01 
 5.332026023e-02  6.106231015e+01 
 5.287175565e-02  6.132871191e+01 
 5.231879462e-02  6.170524269e+01 
 5.165139032e-02  6.221177242e+01 
 5.095578251e-02  6.271907619e+01 
 5.031763668e-02  6.309915754e+01 
 4.966903385e-02  6.339516452e+01 
 4.907502817e-02  6.361411560e+01 
 4.854037704e-02  6.378842122e+01 
 4.800121217e-02  6.395173008e+01 
 4.748887938e-02  6.411007311e+01 
 4.700235769e-02  6.424584498e+01 
 4.655424116e-02  6.435418525e+01 
 4.615313534e-02  6.441454523e+01 
 4.587219315e-02  6.431546673e+01 
 4.562618476e-02  6.422389797e+01 
 4.538085968e-02  6.412560977e+01 
 4.513531851e-02  6.400924740e+01 
 4.489203505e-02  6.387196525e+01 
 4.488101032e-02  6.354281034e+01 
 4.487636118e-02  6.322836540e+01 
 4.487424098e-02  6.290002938e+01 
 4.487396667e-02  6.257260126e+01 
 4.487602995e-02  6.225787125e+01 
 4.487952174e-02  6.199797068e+01 
 4.489189262e-02  6.173785233e+01 
 4.498562815e-02  6.141848014e+01 
 4.507171091e-02  6.111499357e+01 
 4.516201779e-02  6.079527266e+01 
 4.526127375e-02  6.046113709e+01 
 4.534112481e-02  6.013632846e+01 
 4.543010704e-02  5.979285484e+01 
 4.551780925e-02  5.945617506e+01 
 4.560665668e-02  5.911164207e+01 
 4.571351161e-02  5.869744143e+01 
 4.580065918e-02  5.836416035e+01 
 4.593383147e-02  5.801503581e+01 
 4.610246370e-02  5.758794050e+01 
 4.625317862e-02  5.719782677e+01 
 4.639328530e-02  5.682052257e+01 
 4.652807963e-02  5.644567999e+01 
 4.665246982e-02  5.609662387e+01 
 4.676946466e-02  5.576408284e+01 
 4.688088872e-02  5.544496286e+01 
 4.701464938e-02  5.506487778e+01 
 4.718386959e-02  5.471197352e+01 
 4.735556374e-02  5.436718682e+01 
 4.753209009e-02  5.401308124e+01 
 4.771130381e-02  5.365661283e+01 
 4.788822021e-02  5.330589680e+01 
 4.806900653e-02  5.294627419e+01 
 4.825935966e-02  5.256748044e+01 
 4.854385280e-02  5.204105367e+01 
 4.878440343e-02  5.162801706e+01 
 4.899536054e-02  5.126115380e+01 
 4.920314063e-02  5.089756054e+01 
 4.939866194e-02  5.054708811e+01 
 4.960902289e-02  5.016427905e+01 
 4.978856652e-02  4.982973408e+01 
 4.997940549e-02  4.946788176e+01 
 5.018125296e-02  4.909846667e+01 
 5.047220231e-02  4.875215738e+01 
 5.076187136e-02  4.840494469e+01 
 5.102597429e-02  4.808287625e+01 
 5.151994555e-02  4.747365665e+01 
 5.179574369e-02  4.712455284e+01 
 5.212568843e-02  4.687303783e+01 
 5.249555572e-02  4.662436050e+01 
 5.285044378e-02  4.638804310e+01 
 5.319812804e-02  4.615759248e+01 
 5.354738114e-02  4.592664587e+01 
 5.388892059e-02  4.570277474e+01 
 5.430523932e-02  4.561327770e+01 
 5.513538861e-02  4.544555031e+01 
 5.574366733e-02  4.533012522e+01 
 5.629349061e-02  4.526551667e+01 
 5.695705860e-02  4.527631402e+01 
 5.752363611e-02  4.532963236e+01 
 5.813655379e-02  4.537897535e+01 
 5.888397696e-02  4.542848853e+01 
 5.999105403e-02  4.551735345e+01 
 5.999105403e-02  4.551735345e+01 
N2 
 1.121758577e-01  1.729670099e+02 
 1.134535779e-01  1.735688456e+02 
 1.149276842e-01  1.742691645e+02 
 1.161789557e-01  1.748255418e+02 
 1.170667300e-01  1.751929873e+02 
 1.178212524e-01  1.754598833e+02 
 1.188143839e-01  1.756516926e+02 
 1.193017722e-01  1.757444786e+02 
 1.197369301e-01  1.758126779e+02 
 1.200582494e-01  1.757751313e+02 
 1.203876942e-01  1.757200678e+02 
 1.206665342e-01  1.756584727e+02 
 1.209556203e-01  1.755820383e+02 
 1.212683067e-01  1.754858944e+02 
 1.215603964e-01  1.753686405e+02 
 1.218800268e-01  1.752002105e+02 
 1.222009783e-01  1.750312925e+02 
 1.224852966e-01  1.748830444e+02 
 1.227470518e-01  1.747377382e+02 
 1.230176043e-01  1.745383024e+02 
 1.233683886e-01  1.742183588e+02 
 1.236917471e-01  1.739009829e+02 
 1.239809779e-01  1.736163556e+02 
 1.243575795e-01  1.732732140e+02 
 1.246882977e-01  1.728988749e+02 
 1.249755142e-01  1.725303525e+02 
 1.251924224e-01  1.721853841e+02 
 1.253710488e-01  1.718548591e+02 
 1.255430028e-01  1.715153050e+02 
 1.257403044e-01  1.711088168e+02 
 1.260840888e-01  1.703774591e+02 
 1.263239025e-01  1.698832779e+02 
 1.265750297e-01  1.694094796e+02 
 1.268508957e-01  1.689215158e+02 
 1.271028450e-01  1.684713560e+02 
 1.273236633e-01  1.680691629e+02 
 1.275597664e-01  1.676581601e+02 
 1.278395491e-01  1.672046261e+02 
 1.281483947e-01  1.667377919e+02 
 1.285162377e-01  1.662344714e+02 
 1.289539302e-01  1.657277879e+02 
 1.293639445e-01  1.652542083e+02 
 1.297789200e-01  1.647709474e+02 
 1.305255287e-01  1.638972933e+02 
 1.313649477e-01  1.629867163e+02 
 1.318337059e-01  1.625025554e+02 
 1.322973677e-01  1.620026837e+02 
 1.326832750e-01  1.615597540e+02 
 1.330480741e-01  1.611335670e+02 
 1.334779396e-01  1.605018642e+02 
 1.336762262e-01  1.600527626e+02 
 1.338255616e-01  1.596395423e+02 
 1.339705557e-01  1.591643493e+02 
 1.340948938e-01  1.586603347e+02 
 1.340270912e-01  1.581903676e+02 
 1.338428872e-01  1.577532940e+02 
 1.335974489e-01  1.573246461e+02 
 1.332358134e-01  1.567896440e+02 
 1.326599838e-01  1.564533162e+02 
 1.320630228e-01  1.561536145e+02 
 1.315333622e-01  1.558668972e+02 
 1.310072571e-01  1.556217427e+02 
 1.304869555e-01  1.554213286e+02 
 1.298087637e-01  1.553237505e+02 
 1.289940773e-01  1.552768993e+02 
 1.282686011e-01  1.552249221e+02 
 1.275382200e-01  1.551644314e+02 
 1.269041362e-01  1.551123864e+02 
 1.261488212e-01  1.550556735e+02 
 1.254422637e-01  1.550136300e+02 
 1.246086915e-01  1.550787863e+02 
 1.239226360e-01  1.551351964e+02 
 1.231408478e-01  1.551984124e+02 
 1.224549439e-01  1.552516122e+02 
 1.217279102e-01  1.553368328e+02 
 1.210319233e-01  1.554445064e+02 
 1.204096455e-01  1.555528034e+02 
 1.198399046e-01  1.556636625e+02 
 1.192740153e-01  1.557895024e+02 
 1.187849696e-01  1.559567997e+02 
 1.182513458e-01  1.561490855e+02 
 1.176982227e-01  1.563713365e+02 
 1.169978516e-01  1.566496857e+02 
 1.161379824e-01  1.569814493e+02 
 1.152486437e-01  1.572895305e+02 
 1.144310562e-01  1.575603637e+02 
 1.136022780e-01  1.578188601e+02 
 1.128442834e-01  1.580394728e+02 
 1.121585007e-01  1.582309110e+02 
 1.114505481e-01  1.584218300e+02 
 1.107646647e-01  1.586120234e+02 
 1.100999798e-01  1.588010613e+02 
 1.094752176e-01  1.589842534e+02 
 1.088914828e-01  1.591729024e+02 
 1.084018713e-01  1.594245905e+02 
 1.079578869e-01  1.596639660e+02 
 1.075015129e-01  1.599140279e+02 
 1.070365681e-01  1.601743791e+02 
 1.065656186e-01  1.604439724e+02 
 1.063729002e-01  1.607250899e+02 
 1.061933435e-01  1.609965542e+02 
 1.060010302e-01  1.612919506e+02 
 1.058019730e-01  1.616002306e+02 
 1.056086982e-01  1.619044505e+02 
 1.054488704e-01  1.621586486e+02 
 1.052996941e-01  1.624135544e+02 
 1.052408811e-01  1.626801981e+02 
 1.051789991e-01  1.629321628e+02 
 1.051215367e-01  1.631863968e+02 
 1.050722608e-01  1.634529133e+02 
 1.049971298e-01  1.637380514e+02 
 1.049221730e-01  1.640527900e+02 
 1.048494474e-01  1.643623370e+02 
 1.047741222e-01  1.646751593e+02 
 1.046827804e-01  1.650507262e+02 
 1.046096456e-01  1.653547368e+02 
 1.045917747e-01  1.656507276e+02 
 1.045799645e-01  1.660030127e+02 
 1.045653778e-01  1.663153061e+02 
 1.045493606e-01  1.666069624e+02 
 1.045347704e-01  1.668853116e+02 
 1.045248839e-01  1.671361736e+02 
 1.045180011e-01  1.673685705e+02 
 1.045139608e-01  1.675854083e+02 
 1.045155188e-01  1.678350241e+02 
 1.045785144e-01  1.680418762e+02 
 1.046505892e-01  1.682373723e+02 
 1.047274725e-01  1.684344268e+02 
 1.048077994e-01  1.686311820e+02 
 1.048905837e-01  1.688220772e+02 
 1.049771624e-01  1.690148022e+02 
 1.050714818e-01  1.692139890e+02 
 1.052319893e-01  1.694805910e+02 
 1.053795574e-01  1.696829864e+02 
 1.055138042e-01  1.698588425e+02 
 1.056465918e-01  1.700279445e+02 
 1.057755167e-01  1.701843876e+02 
 1.059167103e-01  1.703486347e+02 
 1.060419308e-01  1.704864550e+02 
 1.061768686e-01  1.706299884e+02 
 1.063263532e-01  1.707708436e+02 
 1.065608005e-01  1.708941450e+02 
 1.067943436e-01  1.710159387e+02 
 1.070080019e-01  1.711258480e+02 
 1.074011466e-01  1.713289078e+02 
 1.076212065e-01  1.714412769e+02 
 1.078786494e-01  1.715252543e+02 
 1.081615616e-01  1.716123569e+02 
 1.084252665e-01  1.716975212e+02 
 1.086754632e-01  1.717818932e+02 
 1.089186997e-01  1.718675959e+02 
 1.091476088e-01  1.719518837e+02 
 1.094008442e-01  1.720090229e+02 
 1.098559862e-01  1.721241406e+02 
 1.101324520e-01  1.722011198e+02 
 1.103325292e-01  1.722510082e+02 
 1.105527963e-01  1.722987710e+02 
 1.107659218e-01  1.723579253e+02 
 1.110378731e-01  1.724563869e+02 
 1.114403170e-01  1.726252175e+02 
 1.121758577e-01  1.729670099e+02 
 1.121758577e-01  1.729670099e+02 
M2 
 4.797632439e-01  2.039094249e+02 
 4.880475653e-01  2.043633083e+02 
 4.976094921e-01  2.048010009e+02 
 5.055571788e-01  2.051316702e+02 
 5.110350316e-01  2.053363967e+02 
 5.153256536e-01  2.054541256e+02 
 5.197628066e-01  2.054072162e+02 
 5.218667984e-01  2.053733835e+02 
 5.236066839e-01  2.053200971e+02 
 5.243417136e-01  2.051789030e+02 
 5.249827685e-01  2.050139667e+02 
 5.254281477e-01  2.048550670e+02 
 5.258042707e-01  2.046735343e+02 
 5.261331465e-01  2.044606101e+02 
 5.263157057e-01  2.042287266e+02 
 5.263447835e-01  2.039304364e+02 
 5.263685099e-01  2.036296046e+02 
 5.263855557e-01  2.033629416e+02 
 5.263249279e-01  2.031059616e+02 
 5.259910984e-01  2.027836776e+02 
 5.252145893e-01  2.022920912e+02 
 5.243526119e-01  2.018095531e+02 
 5.236093601e-01  2.013747610e+02 
 5.229152336e-01  2.008347080e+02 
 5.219600599e-01  2.002470899e+02 
 5.208438296e-01  1.996623006e+02 
 5.195716438e-01  1.991179537e+02 
 5.181986742e-01  1.985966154e+02 
 5.167762150e-01  1.980535122e+02 
 5.151576329e-01  1.973841385e+02 
 5.122939765e-01  1.961509277e+02 
 5.103694227e-01  1.953037600e+02 
 5.087025679e-01  1.944708922e+02 
 5.071645655e-01  1.935990999e+02 
 5.058256883e-01  1.927934596e+02 
 5.046906038e-01  1.920659684e+02 
 5.036865129e-01  1.913053407e+02 
 5.028042988e-01  1.904452742e+02 
 5.021544920e-01  1.895439447e+02 
 5.017520477e-01  1.885564198e+02 
 5.017379916e-01  1.875389732e+02 
 5.018994133e-01  1.865880995e+02 
 5.022332724e-01  1.856078606e+02 
 5.033701142e-01  1.838258807e+02 
 5.055891028e-01  1.819567182e+02 
 5.071857694e-01  1.809558461e+02 
 5.089109287e-01  1.799311908e+02 
 5.104392950e-01  1.790337232e+02 
 5.119990019e-01  1.781758983e+02 
 5.139035208e-01  1.769395774e+02 
 5.147379597e-01  1.760895828e+02 
 5.153519183e-01  1.753157805e+02 
 5.159501575e-01  1.744330826e+02 
 5.165080664e-01  1.735026926e+02 
 5.160252752e-01  1.726686319e+02 
 5.149235880e-01  1.719108830e+02 
 5.135230717e-01  1.711746715e+02 
 5.115251319e-01  1.702624911e+02 
 5.082388823e-01  1.697391819e+02 
 5.049151260e-01  1.692792038e+02 
 5.020658709e-01  1.688269203e+02 
 4.992587963e-01  1.684457944e+02 
 4.965228392e-01  1.681414286e+02 
 4.927486457e-01  1.680439335e+02 
 4.881285460e-01  1.680539796e+02 
 4.841512596e-01  1.680332656e+02 
 4.802093235e-01  1.679772410e+02 
 4.770497714e-01  1.679395852e+02 
 4.733876492e-01  1.679114188e+02 
 4.699801950e-01  1.679039227e+02 
 4.657695061e-01  1.681182004e+02 
 4.622951309e-01  1.683019102e+02 
 4.583700776e-01  1.685114349e+02 
 4.549805709e-01  1.686913596e+02 
 4.514049579e-01  1.689407039e+02 
 4.480205892e-01  1.692321741e+02 
 4.450532319e-01  1.695165607e+02 
 4.423865245e-01  1.698000271e+02 
 4.397804969e-01  1.701126521e+02 
 4.374859626e-01  1.705016119e+02 
 4.350150921e-01  1.709428827e+02 
 4.324707121e-01  1.714420633e+02 
 4.292568851e-01  1.720647789e+02 
 4.252827138e-01  1.728076029e+02 
 4.211836029e-01  1.735084736e+02 
 4.174285384e-01  1.741356464e+02 
 4.136878952e-01  1.747426347e+02 
 4.103386123e-01  1.752614932e+02 
 4.073692511e-01  1.757140175e+02 
 4.043681218e-01  1.761655789e+02 
 4.015239656e-01  1.766145435e+02 
 3.988499551e-01  1.770569885e+02 
 3.964034279e-01  1.774813926e+02 
 3.941890135e-01  1.779128503e+02 
 3.924808588e-01  1.784791300e+02 
 3.909954222e-01  1.790122086e+02 
 3.895293350e-01  1.795652533e+02 
 3.880973554e-01  1.801365499e+02 
 3.867163539e-01  1.807239344e+02 
 3.865277557e-01  1.813389159e+02 
 3.864228959e-01  1.819297513e+02 
 3.863757417e-01  1.825681241e+02 
 3.863913482e-01  1.832288692e+02 
 3.864779983e-01  1.838751102e+02 
 3.866016939e-01  1.844105018e+02 
 3.868070068e-01  1.849434726e+02 
 3.874513659e-01  1.855018329e+02 
 3.880760340e-01  1.860265242e+02 
 3.887721824e-01  1.865518990e+02 
 3.895989867e-01  1.870963171e+02 
 3.904421544e-01  1.876678340e+02 
 3.914587729e-01  1.882901062e+02 
 3.925152599e-01  1.888953696e+02 
 3.936281519e-01  1.895015297e+02 
 3.950256730e-01  1.902215410e+02 
 3.962102785e-01  1.907978310e+02 
 3.976263105e-01  1.913587499e+02 
 3.994134822e-01  1.920227146e+02 
 4.010363499e-01  1.926080163e+02 
 4.025801731e-01  1.931503977e+02 
 4.041014996e-01  1.936652300e+02 
 4.055229977e-01  1.941263747e+02 
 4.068810922e-01  1.945511148e+02 
 4.081872262e-01  1.949452301e+02 
 4.097515212e-01  1.953962252e+02 
 4.113477225e-01  1.957737432e+02 
 4.129377887e-01  1.961294361e+02 
 4.145838464e-01  1.964858347e+02 
 4.162642357e-01  1.968392604e+02 
 4.179398244e-01  1.971800125e+02 
 4.196692249e-01  1.975217856e+02 
 4.215050868e-01  1.978728877e+02 
 4.241587660e-01  1.983412752e+02 
 4.263262039e-01  1.986958577e+02 
 4.282645462e-01  1.990017680e+02 
 4.301771443e-01  1.992946813e+02 
 4.320066996e-01  1.995646197e+02 
 4.339912757e-01  1.998469925e+02 
 4.357186191e-01  2.000830839e+02 
 4.375730028e-01  2.003284343e+02 
 4.395005653e-01  2.005690291e+02 
 4.416411801e-01  2.007831324e+02 
 4.437852049e-01  2.009930129e+02 
 4.457524800e-01  2.011811749e+02 
 4.494295422e-01  2.015260129e+02 
 4.515028974e-01  2.017149977e+02 
 4.533857725e-01  2.018553633e+02 
 4.553728020e-01  2.019977124e+02 
 4.572490814e-01  2.021344182e+02 
 4.590554898e-01  2.022681296e+02 
 4.608353494e-01  2.024025379e+02 
 4.625331039e-01  2.025334503e+02 
 4.639049097e-01  2.026183141e+02 
 4.664132606e-01  2.027920090e+02 
 4.679557389e-01  2.029194087e+02 
 4.689560377e-01  2.030140674e+02 
 4.698967098e-01  2.031098242e+02 
 4.709045616e-01  2.032047627e+02 
 4.724078149e-01  2.033276080e+02 
 4.749323105e-01  2.035570144e+02 
 4.797632439e-01  2.039094249e+02 
 4.797632439e-01  2.039094249e+02 
S2 
 5.740722868e-02  2.738063988e+02 
 5.928158865e-02  2.710545336e+02 
 6.179034579e-02  2.680025162e+02 
 6.385644325e-02  2.654802774e+02 
 6.519217911e-02  2.636904188e+02 
 6.606652499e-02  2.620154019e+02 
 6.647472090e-02  2.592764194e+02 
 6.670470459e-02  2.578525405e+02 
 6.687927791e-02  2.564799739e+02 
 6.668971415e-02  2.552332829e+02 
 6.645338890e-02  2.538982366e+02 
 6.621561714e-02  2.527139602e+02 
 6.594255760e-02  2.514354102e+02 
 6.562600743e-02  2.500174682e+02 
 6.527720704e-02  2.486340043e+02 
 6.481762067e-02  2.470495559e+02 
 6.440707239e-02  2.454253942e+02 
 6.410036711e-02  2.439433328e+02 
 6.382288748e-02  2.425208656e+02 
 6.340743552e-02  2.409102014e+02 
 6.272740914e-02  2.386011335e+02 
 6.210683581e-02  2.363147865e+02 
 6.163354845e-02  2.342017513e+02 
 6.121062125e-02  2.315276752e+02 
 6.074288229e-02  2.288362295e+02 
 6.038509295e-02  2.261521312e+02 
 6.009665567e-02  2.236589910e+02 
 5.986796388e-02  2.212819356e+02 
 5.970656203e-02  2.188270968e+02 
 5.964015743e-02  2.158521357e+02 
 5.989422410e-02  2.104550059e+02 
 6.038629658e-02  2.068434467e+02 
 6.116352769e-02  2.034391495e+02 
 6.228562848e-02  1.999801445e+02 
 6.356157865e-02  1.969018788e+02 
 6.488780671e-02  1.942498880e+02 
 6.646084979e-02  1.916331367e+02 
 6.850182164e-02  1.888710489e+02 
 7.092508111e-02  1.862037050e+02 
 7.393106038e-02  1.834996388e+02 
 7.746332133e-02  1.808952129e+02 
 8.096394836e-02  1.786886083e+02 
 8.469761312e-02  1.766451055e+02 
 9.178757739e-02  1.734370448e+02 
 9.986594145e-02  1.706935653e+02 
 1.044408673e-01  1.694609538e+02 
 1.091706284e-01  1.683194790e+02 
 1.133144143e-01  1.673977669e+02 
 1.173248696e-01  1.665892313e+02 
 1.228900476e-01  1.655370363e+02 
 1.264187343e-01  1.648483743e+02 
 1.295169757e-01  1.642263045e+02 
 1.329501174e-01  1.635234740e+02 
 1.364969004e-01  1.628089758e+02 
 1.390681580e-01  1.621504745e+02 
 1.409832162e-01  1.615398733e+02 
 1.426503876e-01  1.609381209e+02 
 1.445554341e-01  1.601964720e+02 
 1.444025172e-01  1.596807588e+02 
 1.440243441e-01  1.592301439e+02 
 1.438931754e-01  1.588194194e+02 
 1.435555982e-01  1.584596609e+02 
 1.430249616e-01  1.581676471e+02 
 1.412874949e-01  1.579552902e+02 
 1.387886973e-01  1.577723941e+02 
 1.367099720e-01  1.576202448e+02 
 1.347633823e-01  1.575022915e+02 
 1.331337949e-01  1.574239929e+02 
 1.312144168e-01  1.573463421e+02 
 1.294044590e-01  1.572955546e+02 
 1.265205620e-01  1.573345877e+02 
 1.241433339e-01  1.573591484e+02 
 1.214666918e-01  1.573811695e+02 
 1.191670711e-01  1.574024188e+02 
 1.165653056e-01  1.574640430e+02 
 1.139472972e-01  1.575741356e+02 
 1.115741669e-01  1.577122474e+02 
 1.093688976e-01  1.578750080e+02 
 1.071198509e-01  1.580827002e+02 
 1.048131168e-01  1.583480695e+02 
 1.022802029e-01  1.586667072e+02 
 9.956258835e-02  1.590553151e+02 
 9.618476476e-02  1.595435681e+02 
 9.213552710e-02  1.601154894e+02 
 8.818867417e-02  1.606324568e+02 
 8.462801941e-02  1.610611567e+02 
 8.112414980e-02  1.614786219e+02 
 7.805981073e-02  1.618592344e+02 
 7.535723066e-02  1.622176252e+02 
 7.265072636e-02  1.625977386e+02 
 7.002074067e-02  1.630147331e+02 
 6.749617323e-02  1.634794900e+02 
 6.513366662e-02  1.639803014e+02 
 6.284930976e-02  1.645380774e+02 
 6.032653624e-02  1.652969802e+02 
 5.801338988e-02  1.660846474e+02 
 5.566582660e-02  1.669852432e+02 
 5.328650311e-02  1.680118531e+02 
 5.089885735e-02  1.691843721e+02 
 4.884855927e-02  1.704078661e+02 
 4.692083278e-02  1.716998009e+02 
 4.488369138e-02  1.732445221e+02 
 4.282900673e-02  1.750265370e+02 
 4.087931851e-02  1.769741484e+02 
 3.931425121e-02  1.787599579e+02 
 3.781709097e-02  1.806983823e+02 
 3.640118791e-02  1.828203491e+02 
 3.511340710e-02  1.850006972e+02 
 3.388727575e-02  1.873849697e+02 
 3.271403007e-02  1.900845472e+02 
 3.158035874e-02  1.932247944e+02 
 3.049533782e-02  1.969509976e+02 
 2.958976142e-02  2.008765504e+02 
 2.884071339e-02  2.050964020e+02 
 2.818505489e-02  2.104405722e+02 
 2.786458464e-02  2.149202891e+02 
 2.773989872e-02  2.192954486e+02 
 2.781739810e-02  2.245373366e+02 
 2.808992004e-02  2.291694869e+02 
 2.851907118e-02  2.334175157e+02 
 2.908398885e-02  2.373657604e+02 
 2.972128301e-02  2.407996658e+02 
 3.041616088e-02  2.438558111e+02 
 3.115173276e-02  2.465866306e+02 
 3.209796568e-02  2.495755817e+02 
 3.294957901e-02  2.518989177e+02 
 3.381411097e-02  2.539862240e+02 
 3.474130092e-02  2.559845168e+02 
 3.571802315e-02  2.578730916e+02 
 3.671352331e-02  2.596066082e+02 
 3.776191634e-02  2.612607031e+02 
 3.888913640e-02  2.628745774e+02 
 4.045925601e-02  2.648798700e+02 
 4.169375817e-02  2.662899865e+02 
 4.279832638e-02  2.674467922e+02 
 4.388809536e-02  2.685060973e+02 
 4.492413683e-02  2.694448436e+02 
 4.603821503e-02  2.703872256e+02 
 4.699681314e-02  2.711470051e+02 
 4.801747610e-02  2.719103929e+02 
 4.903606226e-02  2.726272712e+02 
 4.988768632e-02  2.731752308e+02 
 5.073599765e-02  2.736949791e+02 
 5.150965193e-02  2.741479691e+02 
 5.295016876e-02  2.749480134e+02 
 5.375635523e-02  2.753715290e+02 
 5.425297977e-02  2.755920620e+02 
 5.472417695e-02  2.757761091e+02 
 5.517388795e-02  2.759450185e+02 
 5.561232865e-02  2.761056325e+02 
 5.604909707e-02  2.762653658e+02 
 5.646914580e-02  2.764190294e+02 
 5.652853016e-02  2.763724695e+02 
 5.664102884e-02  2.763210533e+02 
 5.668860156e-02  2.763588757e+02 
 5.659732041e-02  2.764240342e+02 
 5.636209256e-02  2.763933820e+02 
 5.621230757e-02  2.762082422e+02 
 5.622301585e-02  2.758722532e+02 
 5.649953830e-02  2.752239887e+02 
 5.740722868e-02  2.738063988e+02 
 5.740722868e-02  2.738063988e+02 
K2 
 1.396757539e-02  2.768830981e+02 
 1.442266574e-02  2.736774150e+02 
 1.504567138e-02  2.700983434e+02 
 1.556416062e-02  2.671559986e+02 
 1.590206092e-02  2.650784790e+02 
 1.612155932e-02  2.631657673e+02 
 1.620768746e-02  2.601241778e+02 
 1.626025987e-02  2.585261134e+02 
 1.629917894e-02  2.569821691e+02 
 1.623517749e-02  2.556204387e+02 
 1.615776364e-02  2.541574183e+02 
 1.608163381e-02  2.528555089e+02 
 1.599518122e-02  2.514443037e+02 
 1.589557905e-02  2.498727909e+02 
 1.578527497e-02  2.483432186e+02 
 1.563789910e-02  2.466076852e+02 
 1.550400343e-02  2.448174476e+02 
 1.540017966e-02  2.431660851e+02 
 1.530537412e-02  2.415693069e+02 
 1.516701569e-02  2.397714963e+02 
 1.494281310e-02  2.371955053e+02 
 1.473588081e-02  2.346185418e+02 
 1.457294264e-02  2.322173586e+02 
 1.441781880e-02  2.291635920e+02 
 1.425137011e-02  2.261129927e+02 
 1.412130053e-02  2.230603315e+02 
 1.401839476e-02  2.202148090e+02 
 1.393823803e-02  2.174862483e+02 
 1.388026207e-02  2.146578317e+02 
 1.385055173e-02  2.112325147e+02 
 1.391265371e-02  2.050404257e+02 
 1.405117483e-02  2.008849718e+02 
 1.427395195e-02  1.969565300e+02 
 1.460058140e-02  1.929888644e+02 
 1.497262100e-02  1.895040578e+02 
 1.535662585e-02  1.865588340e+02 
 1.580802578e-02  1.836830280e+02 
 1.639433936e-02  1.806451608e+02 
 1.709038183e-02  1.777341391e+02 
 1.795631901e-02  1.748207632e+02 
 1.897895657e-02  1.720710797e+02 
 1.999033754e-02  1.697813610e+02 
 2.106602166e-02  1.676971848e+02 
 2.309777114e-02  1.644952121e+02 
 2.539373756e-02  1.618392412e+02 
 2.668707848e-02  1.606765862e+02 
 2.802182104e-02  1.596145740e+02 
 2.919022887e-02  1.587657301e+02 
 3.031990880e-02  1.580307731e+02 
 3.188657234e-02  1.570776044e+02 
 3.288472604e-02  1.564495896e+02 
 3.376561438e-02  1.558824309e+02 
 3.474635228e-02  1.552428039e+02 
 3.576381144e-02  1.545958633e+02 
 3.651523625e-02  1.539822832e+02 
 3.708790331e-02  1.534038855e+02 
 3.759504570e-02  1.528322187e+02 
 3.818409002e-02  1.521289943e+02 
 3.818687544e-02  1.516074333e+02 
 3.812315180e-02  1.511487878e+02 
 3.812405567e-02  1.507388138e+02 
 3.806165428e-02  1.503760179e+02 
 3.794037922e-02  1.500775659e+02 
 3.747301604e-02  1.498274074e+02 
 3.678785428e-02  1.495872696e+02 
 3.621541825e-02  1.493890875e+02 
 3.567611638e-02  1.492314322e+02 
 3.522192410e-02  1.491207465e+02 
 3.468402840e-02  1.490064441e+02 
 3.417381639e-02  1.489224256e+02 
 3.335105052e-02  1.488974619e+02 
 3.267398675e-02  1.488698145e+02 
 3.191218636e-02  1.488346189e+02 
 3.125713519e-02  1.488083339e+02 
 3.051322957e-02  1.488138953e+02 
 2.976258851e-02  1.488662148e+02 
 2.908197522e-02  1.489528891e+02 
 2.844987228e-02  1.490688377e+02 
 2.780535620e-02  1.492295204e+02 
 2.714500755e-02  1.494403470e+02 
 2.642216454e-02  1.497003839e+02 
 2.564855052e-02  1.500262305e+02 
 2.469237846e-02  1.504389071e+02 
 2.355339346e-02  1.509219903e+02 
 2.245034222e-02  1.513577034e+02 
 2.145939159e-02  1.517121310e+02 
 2.048604408e-02  1.520584022e+02 
 1.963539101e-02  1.523798757e+02 
 1.888621536e-02  1.526912452e+02 
 1.813698676e-02  1.530275010e+02 
 1.740936130e-02  1.534065950e+02 
 1.671019328e-02  1.538416731e+02 
 1.605517300e-02  1.543235185e+02 
 1.542138109e-02  1.548703469e+02 
 1.472010861e-02  1.556057911e+02 
 1.407714505e-02  1.563834093e+02 
 1.342465494e-02  1.572872108e+02 
 1.276342434e-02  1.583372825e+02 
 1.209964738e-02  1.595588715e+02 
 1.152656098e-02  1.608011550e+02 
 1.098680903e-02  1.621280185e+02 
 1.041535123e-02  1.637361979e+02 
 9.837764388e-03  1.656203323e+02 
 9.288439968e-03  1.677154353e+02 
 8.846601684e-03  1.696694060e+02 
 8.422991640e-03  1.718215629e+02 
 8.018773343e-03  1.741747501e+02 
 7.650328357e-03  1.766360858e+02 
 7.298217429e-03  1.793775283e+02 
 6.959614420e-03  1.825451447e+02 
 6.632903184e-03  1.863310246e+02 
 6.321030112e-03  1.909257305e+02 
 6.063716888e-03  1.958673927e+02 
 5.856339597e-03  2.012716617e+02 
 5.686004034e-03  2.082017946e+02 
 5.616412779e-03  2.140362465e+02 
 5.604231454e-03  2.196871533e+02 
 5.662038401e-03  2.263886793e+02 
 5.777432264e-03  2.321957858e+02 
 5.937912305e-03  2.373799449e+02 
 6.136818722e-03  2.420665028e+02 
 6.352353558e-03  2.460282123e+02 
 6.580516840e-03  2.494601596e+02 
 6.816458429e-03  2.524493812e+02 
 7.113616967e-03  2.556358681e+02 
 7.370341281e-03  2.580592633e+02 
 7.626849581e-03  2.601936532e+02 
 7.899033454e-03  2.621973483e+02 
 8.183295717e-03  2.640541835e+02 
 8.470351645e-03  2.657267310e+02 
 8.770328138e-03  2.672941198e+02 
 9.090674770e-03  2.687949854e+02 
 9.530939522e-03  2.706255501e+02 
 9.873271028e-03  2.718874188e+02 
 1.017790333e-02  2.729057205e+02 
 1.047734764e-02  2.738233457e+02 
 1.076073939e-02  2.746256277e+02 
 1.106441364e-02  2.754186024e+02 
 1.132457147e-02  2.760494145e+02 
 1.160065384e-02  2.766742160e+02 
 1.187442548e-02  2.772538895e+02 
 1.209672034e-02  2.776948748e+02 
 1.231805107e-02  2.781063106e+02 
 1.251975185e-02  2.784584341e+02 
 1.289531167e-02  2.790663139e+02 
 1.310526892e-02  2.793803043e+02 
 1.322955255e-02  2.795351881e+02 
 1.334631016e-02  2.796550842e+02 
 1.345850559e-02  2.797599884e+02 
 1.356857379e-02  2.798556463e+02 
 1.367902579e-02  2.799480229e+02 
 1.378582636e-02  2.800348111e+02 
 1.379585236e-02  2.799686634e+02 
 1.381846299e-02  2.798706243e+02 
 1.382942883e-02  2.798730816e+02 
 1.380759646e-02  2.799200260e+02 
 1.374405200e-02  2.798850198e+02 
 1.370098936e-02  2.796847678e+02 
 1.369861498e-02  2.793008343e+02 
 1.375577575e-02  2.785481408e+02 
 1.396757539e-02  2.768830981e+02 
 1.396757539e-02  2.768830981e+02 
90   	 	 ! ANGINN 
0 0 0 0   	 ! NOUTE, TOUTSE, TOUTFE, NSPOOLE 
0  	 	 ! NSTAE 
0 0 0 0  	 ! NOUTV, TOUTV, TOUTFV, NSPOOLV 
0  	 	 ! NSTAV 
0 0 0 0  	 ! NOUTGE, ... 
0 0 0 0   ! NOUTGV, ... 
8  	 	 ! NFREQ 
Q1 
 6.495854130e-05 1.159990 30.324747 
O1 
 6.759774407e-05 1.167254 319.276882 
P1 
 7.252294576e-05 0.989904 62.654909 
K1 
 7.292115851e-05 1.105297 293.974406 
N2 
 1.378796998e-04 0.968158 322.003118 
M2 
 1.405189028e-04 0.967160 251.631733 
S2 
 1.454441043e-04 1.002097 0.051972 
K2 
 1.458423170e-04 1.288455 47.675461 
0 0 0 0  	 ! THAS, THAF, NHAINC, FMV 
0 0 0 0   	 ! NHASE, NHASV, NHAGE, NHAGV 
0 0  	  ! NHSTAR, NHSINC 
1 0   1.000000000e-10 25  	 ! ITITER, ISLDIA, CONVCR, ITMAX 
OceanMesh2D
Affiliation
Made by OceanMesh2D
History: None
https://github.com/CHLNDDEV/OceanMesh2D/
Comments: None
Host: Name
Metric, Datum
name@instit.edu
2023-10-19 00:00:00 UTC
