OceanMesh2D
Run_001
1        	 ! NFOVER 
0        	 ! NABOUT 
1800        	 ! NSCREEN 
0        	 ! IHOT 
2         	 ! ICS 
511112          	 ! IM 
1            	 ! NOLIBF 
2            	 ! NOLIFA 
1           	 ! NOLICA 
1           	 ! NOLICAT 
3           	 ! NWP 
primitive_weighting_in_continuity_equation
advection_state
quadratic_friction_coefficient_at_sea_floor
1   	 	 ! NCOR 
1   	 	 ! NTIP 
0   	 	 ! NWS 
0    	 	 ! NRAMP 
9.810000    	 ! G  
-3   	 	 ! TAU0 
2    	 	 ! DTDP 
0  	 	 ! STATIM 
0   	 	 ! REFTIM 
7.25   	 	 ! RNDY 
0   	 	 ! DRAMP 
0 1 0   	  ! A00, B00, C00 
0.1 0 0 0.01    	 ! H0, 2*dummy, VELMIN 
168.043799 -16.367101  	 	 ! SLAM0, SFEA0 
0.002500     	 ! CF 
-0.050000     	 	 ! ELSM 
0.000000   	 ! CORI 
8   	 	 ! NTIF 
Q1 
0.019303  6.495854130e-05 0.695000 1.154361 30.828692   	 !  TPK, AMIGT, ETRF, FFT, FACET 
O1 
0.100818  6.759774407e-05 0.695000 1.167611 319.298452   	 !  TPK, AMIGT, ETRF, FFT, FACET 
P1 
0.047037  7.252294576e-05 0.706000 0.989956 62.660643   	 !  TPK, AMIGT, ETRF, FFT, FACET 
K1 
0.141909  7.292115851e-05 0.736000 1.105328 293.964387   	 !  TPK, AMIGT, ETRF, FFT, FACET 
N2 
0.046510  1.378796998e-04 0.693000 0.968158 322.003118   	 !  TPK, AMIGT, ETRF, FFT, FACET 
M2 
0.242922  1.405189028e-04 0.693000 0.967123 251.622405   	 !  TPK, AMIGT, ETRF, FFT, FACET 
S2 
0.113308  1.454441043e-04 0.693000 1.002091 0.051329   	 !  TPK, AMIGT, ETRF, FFT, FACET 
K2 
0.030779  1.458423170e-04 0.693000 1.288638 47.662052   	 !  TPK, AMIGT, ETRF, FFT, FACET 
8   	 	 ! NBFR 
Q1  
 6.495854130e-05 1.154361 30.828692 
O1  
 6.759774407e-05 1.167611 319.298452 
P1  
 7.252294576e-05 0.989956 62.660643 
K1  
 7.292115851e-05 1.105328 293.964387 
N2  
 1.378796998e-04 0.968158 322.003118 
M2  
 1.405189028e-04 0.967123 251.622405 
S2  
 1.454441043e-04 1.002091 0.051329 
K2  
 1.458423170e-04 1.288638 47.662052 
Q1 
 1.496746288e-02  7.578949536e+00 
 1.486129073e-02  7.945875487e+00 
 1.474674603e-02  8.379002213e+00 
 1.464539786e-02  8.790765022e+00 
 1.454663165e-02  9.100602177e+00 
 1.444717871e-02  9.375148822e+00 
 1.434482866e-02  9.624098766e+00 
 1.423949690e-02  9.864641869e+00 
 1.412741487e-02  9.977547796e+00 
 1.401563958e-02  1.008583903e+01 
 1.392191829e-02  1.017577478e+01 
 1.382964672e-02  1.026472518e+01 
 1.373421314e-02  1.033798000e+01 
 1.359947189e-02  1.034370417e+01 
 1.351203893e-02  1.035110466e+01 
 1.342701370e-02  1.036163049e+01 
 1.333516439e-02  1.037547647e+01 
 1.324680705e-02  1.039396058e+01 
 1.310460652e-02  1.036820250e+01 
 1.300444639e-02  1.020287125e+01 
 1.291607284e-02  1.006113467e+01 
 1.283383206e-02  9.932267015e+00 
 1.275079500e-02  9.804607021e+00 
 1.267239231e-02  9.686271563e+00 
 1.258878707e-02  9.562671813e+00 
 1.250586278e-02  9.442203185e+00 
 1.243046494e-02  9.326127202e+00 
 1.234884641e-02  9.092489531e+00 
 1.227013787e-02  8.871731298e+00 
 1.218539845e-02  8.636569930e+00 
 1.210704019e-02  8.415082791e+00 
 1.203705389e-02  8.215978858e+00 
 1.196676515e-02  8.017961914e+00 
 1.189865605e-02  7.826903758e+00 
 1.182903578e-02  7.631626565e+00 
 1.176650844e-02  7.458277162e+00 
 1.169868592e-02  7.272347716e+00 
 1.162856041e-02  7.095728387e+00 
 1.155104211e-02  6.913532629e+00 
 1.147809714e-02  6.743785255e+00 
 1.139736361e-02  6.558951417e+00 
 1.130960548e-02  6.360803227e+00 
 1.121217421e-02  6.145609091e+00 
 1.112083720e-02  5.946857454e+00 
 1.101463136e-02  5.717911766e+00 
 1.090915486e-02  5.493117462e+00 
 1.079413889e-02  5.259613816e+00 
 1.067402772e-02  5.022423499e+00 
 1.055291486e-02  4.782414445e+00 
 1.042578175e-02  4.529642560e+00 
 1.032052703e-02  4.320775603e+00 
 1.021592834e-02  4.112283609e+00 
 1.011714079e-02  3.914840367e+00 
 1.002507280e-02  3.726316320e+00 
 9.935640127e-03  3.404750300e+00 
 9.843560886e-03  3.066352320e+00 
 9.751443220e-03  2.721812126e+00 
 9.661921984e-03  2.382881967e+00 
 9.572639782e-03  2.043194959e+00 
 9.481986984e-03  1.691334667e+00 
 9.386938968e-03  1.314274306e+00 
 9.317473211e-03  8.794886890e-01 
 9.239273298e-03  3.769404313e-01 
 9.169489511e-03  3.599183871e+02 
 9.093749118e-03  3.594098169e+02 
 9.022458441e-03  3.589204042e+02 
 8.950692625e-03  3.584161081e+02 
 8.883685911e-03  3.579001610e+02 
 8.850218748e-03  3.571121497e+02 
 8.820828619e-03  3.564065110e+02 
 8.789438550e-03  3.556536567e+02 
 8.758241975e-03  3.548958295e+02 
 8.724510649e-03  3.540750164e+02 
 8.686757540e-03  3.531389279e+02 
 8.690992804e-03  3.523730452e+02 
 8.715929179e-03  3.515476482e+02 
 8.757670027e-03  3.502747554e+02 
 8.795935313e-03  3.491815306e+02 
 8.846806891e-03  3.483491089e+02 
 8.922529622e-03  3.475189027e+02 
 8.994508731e-03  3.467443785e+02 
 9.074236403e-03  3.459780268e+02 
 9.192173181e-03  3.455868806e+02 
 9.341087337e-03  3.451408838e+02 
 9.476779688e-03  3.447554918e+02 
 9.632094253e-03  3.443599997e+02 
 9.783085229e-03  3.440059127e+02 
 9.931761334e-03  3.436849702e+02 
 1.010604094e-02  3.434115932e+02 
 1.028352115e-02  3.435755764e+02 
 1.043576797e-02  3.438439555e+02 
 1.061287843e-02  3.439349072e+02 
 1.081537076e-02  3.441821744e+02 
 1.103657813e-02  3.444817597e+02 
 1.121689258e-02  3.447468477e+02 
 1.135133899e-02  3.450140651e+02 
 1.150579356e-02  3.454455752e+02 
 1.160316692e-02  3.457465176e+02 
 1.169669042e-02  3.460453433e+02 
 1.177343191e-02  3.463023491e+02 
 1.184411862e-02  3.465213099e+02 
 1.195679007e-02  3.468569849e+02 
 1.209856163e-02  3.472789328e+02 
 1.220450078e-02  3.476193259e+02 
 1.227044306e-02  3.479373364e+02 
 1.235411935e-02  3.481235220e+02 
 1.242296072e-02  3.483784566e+02 
 1.250084879e-02  3.486591231e+02 
 1.255875209e-02  3.488647718e+02 
 1.264930528e-02  3.491631176e+02 
 1.271795492e-02  3.493923180e+02 
 1.281960619e-02  3.497214408e+02 
 1.291636243e-02  3.500342498e+02 
 1.300570254e-02  3.503198306e+02 
 1.312476263e-02  3.506840069e+02 
 1.323098326e-02  3.509926714e+02 
 1.332559923e-02  3.512502265e+02 
 1.340242911e-02  3.514589940e+02 
 1.346879491e-02  3.516927965e+02 
 1.353221167e-02  3.518952486e+02 
 1.360119005e-02  3.520945681e+02 
 1.367421419e-02  3.522865496e+02 
 1.373811643e-02  3.524393885e+02 
 1.381446309e-02  3.526064436e+02 
 1.389916257e-02  3.527778660e+02 
 1.398621997e-02  3.529388543e+02 
 1.407132919e-02  3.530860616e+02 
 1.417393718e-02  3.532538742e+02 
 1.425681893e-02  3.533854105e+02 
 1.435306946e-02  3.535339742e+02 
 1.444282860e-02  3.536711902e+02 
 1.452631008e-02  3.537995246e+02 
 1.461675238e-02  3.539376167e+02 
 1.471042378e-02  3.540800227e+02 
 1.480124168e-02  3.542186021e+02 
 1.488700630e-02  3.543493295e+02 
 1.497881646e-02  3.544928444e+02 
 1.506151229e-02  3.546778378e+02 
 1.514324392e-02  3.549444942e+02 
 1.522200790e-02  3.552037900e+02 
 1.528974217e-02  3.554593670e+02 
 1.535528741e-02  3.556672735e+02 
 1.542445683e-02  3.559195837e+02 
 1.548814401e-02  3.561555796e+02 
 1.554250114e-02  3.564647885e+02 
 1.559122861e-02  3.568868225e+02 
 1.564415680e-02  3.573550070e+02 
 1.568989541e-02  3.577794910e+02 
 1.573610828e-02  3.582391557e+02 
 1.577744636e-02  3.586801910e+02 
 1.581593605e-02  3.590899550e+02 
 1.586085823e-02  3.595374363e+02 
 1.589926084e-02  6.440579039e-02 
 1.594080506e-02  6.784873115e-01 
 1.598053022e-02  1.281901393e+00 
 1.600625248e-02  1.792873882e+00 
 1.602431568e-02  2.316704180e+00 
 1.599014456e-02  2.765687139e+00 
 1.595091116e-02  3.217811693e+00 
 1.591219503e-02  3.608351246e+00 
 1.586689977e-02  4.016171217e+00 
 1.581960572e-02  4.362588265e+00 
 1.576760633e-02  4.673624500e+00 
 1.571206100e-02  4.989313072e+00 
 1.564749176e-02  5.336673302e+00 
 1.557740671e-02  5.696155315e+00 
 1.548772678e-02  5.990887831e+00 
 1.540941547e-02  6.210657034e+00 
 1.532634152e-02  6.431227560e+00 
 1.526194039e-02  6.605749280e+00 
 1.519441495e-02  6.805035922e+00 
 1.512748898e-02  7.029045032e+00 
 1.505880133e-02  7.263743434e+00 
 1.496746288e-02  7.578949536e+00 
 1.496746288e-02  7.578949536e+00 
O1 
 8.826269305e-02  2.446439330e+01 
 8.753887351e-02  2.474614645e+01 
 8.667462983e-02  2.507496114e+01 
 8.594020108e-02  2.532879322e+01 
 8.530207040e-02  2.552959183e+01 
 8.468013833e-02  2.571980673e+01 
 8.405254849e-02  2.590182694e+01 
 8.340751025e-02  2.608392560e+01 
 8.275818825e-02  2.617354270e+01 
 8.211533113e-02  2.626140081e+01 
 8.158397069e-02  2.633408660e+01 
 8.106626606e-02  2.640584093e+01 
 8.053606452e-02  2.646823494e+01 
 7.981876766e-02  2.648997086e+01 
 7.935584973e-02  2.650659120e+01 
 7.890614005e-02  2.652510809e+01 
 7.841867468e-02  2.654839424e+01 
 7.795006948e-02  2.657336644e+01 
 7.721331604e-02  2.657102256e+01 
 7.673417920e-02  2.645838674e+01 
 7.631090322e-02  2.636341352e+01 
 7.591676231e-02  2.627909104e+01 
 7.551822583e-02  2.619771810e+01 
 7.514198580e-02  2.612361388e+01 
 7.474074965e-02  2.604875130e+01 
 7.434220180e-02  2.597914137e+01 
 7.398172487e-02  2.591395607e+01 
 7.361726484e-02  2.576602482e+01 
 7.326330025e-02  2.562924656e+01 
 7.287819697e-02  2.548400539e+01 
 7.252111983e-02  2.534396908e+01 
 7.220160773e-02  2.521689335e+01 
 7.188021763e-02  2.509140038e+01 
 7.156862080e-02  2.497194108e+01 
 7.125046192e-02  2.485087572e+01 
 7.096421536e-02  2.474514649e+01 
 7.065284999e-02  2.463374219e+01 
 7.032796441e-02  2.453184345e+01 
 6.996657624e-02  2.443083725e+01 
 6.962584240e-02  2.433901711e+01 
 6.924789442e-02  2.424208501e+01 
 6.883551951e-02  2.414194429e+01 
 6.837597036e-02  2.403872564e+01 
 6.794329939e-02  2.394795448e+01 
 6.743909844e-02  2.384799455e+01 
 6.693562326e-02  2.375498845e+01 
 6.638281436e-02  2.366750517e+01 
 6.580391529e-02  2.358508507e+01 
 6.522120753e-02  2.350355923e+01 
 6.460843952e-02  2.342018344e+01 
 6.409866291e-02  2.335466427e+01 
 6.359054424e-02  2.329144410e+01 
 6.311019422e-02  2.323315501e+01 
 6.266208932e-02  2.317697378e+01 
 6.223252574e-02  2.302150045e+01 
 6.178740187e-02  2.285687355e+01 
 6.133996523e-02  2.268860495e+01 
 6.090151988e-02  2.252367572e+01 
 6.046065204e-02  2.236060103e+01 
 6.001079243e-02  2.219061741e+01 
 5.953753432e-02  2.200592779e+01 
 5.919183067e-02  2.175198552e+01 
 5.879955229e-02  2.145707258e+01 
 5.844651583e-02  2.118629304e+01 
 5.806086181e-02  2.088372996e+01 
 5.769556269e-02  2.059029355e+01 
 5.732587552e-02  2.028545220e+01 
 5.697881416e-02  1.996581697e+01 
 5.679907737e-02  1.940189308e+01 
 5.663924478e-02  1.889723921e+01 
 5.646601524e-02  1.835989954e+01 
 5.629127357e-02  1.782028521e+01 
 5.609909357e-02  1.723805353e+01 
 5.588113533e-02  1.657579598e+01 
 5.588309352e-02  1.599873785e+01 
 5.599054414e-02  1.535761339e+01 
 5.617193853e-02  1.437119197e+01 
 5.633802334e-02  1.352882454e+01 
 5.657678356e-02  1.287308523e+01 
 5.693886961e-02  1.220349588e+01 
 5.727409852e-02  1.158080195e+01 
 5.764469259e-02  1.095547422e+01 
 5.823904179e-02  1.056091148e+01 
 5.899808678e-02  1.009604120e+01 
 5.968352800e-02  9.686800268e+00 
 6.045549481e-02  9.252211786e+00 
 6.120382356e-02  8.852050083e+00 
 6.194020563e-02  8.478078029e+00 
 6.281363536e-02  8.114797129e+00 
 6.376976560e-02  8.070699036e+00 
 6.461396534e-02  8.127624752e+00 
 6.556837601e-02  8.037284504e+00 
 6.668506578e-02  8.040280134e+00 
 6.791133543e-02  8.068313623e+00 
 6.890492987e-02  8.111729382e+00 
 6.965199665e-02  8.194749478e+00 
 7.053986514e-02  8.384658570e+00 
 7.111651497e-02  8.524133882e+00 
 7.168068416e-02  8.673948321e+00 
 7.214980461e-02  8.810832581e+00 
 7.257120108e-02  8.926067981e+00 
 7.322768797e-02  9.102994141e+00 
 7.405505474e-02  9.321341075e+00 
 7.468632536e-02  9.500240036e+00 
 7.510726717e-02  9.698744449e+00 
 7.560019989e-02  9.778653228e+00 
 7.603396878e-02  9.929373348e+00 
 7.652167834e-02  1.009875584e+01 
 7.688398621e-02  1.022497470e+01 
 7.744749585e-02  1.040701262e+01 
 7.787577234e-02  1.054760838e+01 
 7.850968641e-02  1.075163732e+01 
 7.911641269e-02  1.094885590e+01 
 7.968079799e-02  1.113335363e+01 
 8.043250949e-02  1.137491258e+01 
 8.110311266e-02  1.158616651e+01 
 8.169813469e-02  1.176847988e+01 
 8.218003702e-02  1.192413114e+01 
 8.259682116e-02  1.211562743e+01 
 8.298577737e-02  1.228500068e+01 
 8.339896168e-02  1.245536682e+01 
 8.382651099e-02  1.262349897e+01 
 8.419206534e-02  1.275887341e+01 
 8.462144408e-02  1.290776748e+01 
 8.508823507e-02  1.306116157e+01 
 8.555606839e-02  1.320857001e+01 
 8.600092696e-02  1.334653081e+01 
 8.652599505e-02  1.350299520e+01 
 8.694190058e-02  1.362459475e+01 
 8.741617511e-02  1.376015809e+01 
 8.785438362e-02  1.388176474e+01 
 8.825907638e-02  1.399230921e+01 
 8.869345924e-02  1.410922745e+01 
 8.914187413e-02  1.422750695e+01 
 8.957393097e-02  1.434119461e+01 
 8.997833615e-02  1.444765688e+01 
 9.040958077e-02  1.456244348e+01 
 9.079530210e-02  1.470776506e+01 
 9.117425718e-02  1.491503840e+01 
 9.153848794e-02  1.511544250e+01 
 9.184793546e-02  1.531332337e+01 
 9.214666566e-02  1.547388854e+01 
 9.245943949e-02  1.566821501e+01 
 9.274935460e-02  1.584788979e+01 
 9.299313246e-02  1.608230605e+01 
 9.320422289e-02  1.640185943e+01 
 9.343167453e-02  1.675550505e+01 
 9.362396655e-02  1.707752136e+01 
 9.381244588e-02  1.742879492e+01 
 9.397678125e-02  1.776648538e+01 
 9.413079365e-02  1.807795068e+01 
 9.431647579e-02  1.841158390e+01 
 9.446932002e-02  1.879394455e+01 
 9.463198344e-02  1.922804919e+01 
 9.477308673e-02  1.965533759e+01 
 9.483655209e-02  2.002615554e+01 
 9.484476188e-02  2.041519180e+01 
 9.460483452e-02  2.074593799e+01 
 9.432958783e-02  2.108027721e+01 
 9.406109338e-02  2.137273560e+01 
 9.375113528e-02  2.168184248e+01 
 9.344093860e-02  2.194695758e+01 
 9.311141846e-02  2.218675600e+01 
 9.276124857e-02  2.243263163e+01 
 9.235744672e-02  2.270545317e+01 
 9.192128378e-02  2.299047140e+01 
 9.139809886e-02  2.322279816e+01 
 9.094988522e-02  2.339768259e+01 
 9.047924855e-02  2.357560456e+01 
 9.011298544e-02  2.371672861e+01 
 8.971915670e-02  2.387548282e+01 
 8.931009446e-02  2.405091098e+01 
 8.887112342e-02  2.422941267e+01 
 8.826269305e-02  2.446439330e+01 
 8.826269305e-02  2.446439330e+01 
P1 
 4.959674860e-02  4.188595329e+01 
 4.907407944e-02  4.211075060e+01 
 4.842313284e-02  4.238888773e+01 
 4.785338968e-02  4.254704359e+01 
 4.739777141e-02  4.266518997e+01 
 4.697205952e-02  4.278368762e+01 
 4.655680338e-02  4.290180929e+01 
 4.613581605e-02  4.302379352e+01 
 4.574138080e-02  4.305224837e+01 
 4.535478034e-02  4.307829611e+01 
 4.503966306e-02  4.309515166e+01 
 4.473516605e-02  4.310965634e+01 
 4.442934046e-02  4.311244201e+01 
 4.404188262e-02  4.305349981e+01 
 4.379313722e-02  4.301400278e+01 
 4.355158566e-02  4.297559428e+01 
 4.328999011e-02  4.293670198e+01 
 4.303778279e-02  4.289824554e+01 
 4.265474203e-02  4.278549500e+01 
 4.243823156e-02  4.258966720e+01 
 4.224710508e-02  4.241957114e+01 
 4.206951857e-02  4.226530645e+01 
 4.189054959e-02  4.211220330e+01 
 4.172192502e-02  4.196936077e+01 
 4.154262154e-02  4.182115381e+01 
 4.136537737e-02  4.167947763e+01 
 4.120780372e-02  4.155011372e+01 
 4.107390907e-02  4.133645004e+01 
 4.094286019e-02  4.113787615e+01 
 4.079728834e-02  4.092429917e+01 
 4.066125573e-02  4.071654467e+01 
 4.053895941e-02  4.052634496e+01 
 4.041559726e-02  4.033651631e+01 
 4.029625780e-02  4.015491832e+01 
 4.017503869e-02  3.997023066e+01 
 4.006580649e-02  3.980778332e+01 
 3.994689059e-02  3.963546758e+01 
 3.981976402e-02  3.947004357e+01 
 3.967626244e-02  3.929846425e+01 
 3.954100804e-02  3.914068060e+01 
 3.939034914e-02  3.897160619e+01 
 3.922575376e-02  3.879493374e+01 
 3.904146651e-02  3.860915066e+01 
 3.886742533e-02  3.844300072e+01 
 3.866409667e-02  3.825786223e+01 
 3.845987202e-02  3.808282212e+01 
 3.823285748e-02  3.790770914e+01 
 3.799391966e-02  3.773431124e+01 
 3.775373381e-02  3.755952184e+01 
 3.750068490e-02  3.737746717e+01 
 3.728867627e-02  3.723104431e+01 
 3.707670527e-02  3.708778929e+01 
 3.687606993e-02  3.695349441e+01 
 3.668915377e-02  3.682668250e+01 
 3.652800368e-02  3.662980567e+01 
 3.636006257e-02  3.642433831e+01 
 3.619030334e-02  3.621678482e+01 
 3.602234289e-02  3.601611407e+01 
 3.585163648e-02  3.582041467e+01 
 3.567690002e-02  3.561915674e+01 
 3.549265879e-02  3.540263574e+01 
 3.537434704e-02  3.516172438e+01 
 3.523895365e-02  3.488618363e+01 
 3.511551433e-02  3.463585755e+01 
 3.497947453e-02  3.435862804e+01 
 3.484949487e-02  3.409194953e+01 
 3.471705203e-02  3.381694849e+01 
 3.459487186e-02  3.353589143e+01 
 3.457416165e-02  3.311824208e+01 
 3.455261556e-02  3.274662918e+01 
 3.452503765e-02  3.235301038e+01 
 3.449303521e-02  3.195985508e+01 
 3.445356979e-02  3.153753223e+01 
 3.440433977e-02  3.105931005e+01 
 3.444705348e-02  3.067302073e+01 
 3.454034367e-02  3.025837542e+01 
 3.468624644e-02  2.961748343e+01 
 3.481212480e-02  2.906753635e+01 
 3.495905019e-02  2.865515195e+01 
 3.515995186e-02  2.824966451e+01 
 3.534110944e-02  2.786727973e+01 
 3.553797800e-02  2.747642430e+01 
 3.583252476e-02  2.726387625e+01 
 3.620578073e-02  2.701044155e+01 
 3.653900865e-02  2.678188091e+01 
 3.691329984e-02  2.653552663e+01 
 3.727573093e-02  2.630441089e+01 
 3.763250596e-02  2.608382912e+01 
 3.805479638e-02  2.587293620e+01 
 3.851392966e-02  2.589917063e+01 
 3.892178449e-02  2.598915610e+01 
 3.938575434e-02  2.597109505e+01 
 3.992722240e-02  2.602825830e+01 
 4.052535836e-02  2.610628636e+01 
 4.101436156e-02  2.618213123e+01 
 4.138087200e-02  2.627178304e+01 
 4.181940352e-02  2.644448899e+01 
 4.210744054e-02  2.656390468e+01 
 4.239347556e-02  2.669722747e+01 
 4.263451209e-02  2.682064405e+01 
 4.284932116e-02  2.692691756e+01 
 4.318049255e-02  2.709296399e+01 
 4.359800462e-02  2.729161860e+01 
 4.391925907e-02  2.744788461e+01 
 4.414000206e-02  2.761617928e+01 
 4.439675659e-02  2.768905581e+01 
 4.462704856e-02  2.782121834e+01 
 4.488687648e-02  2.797226614e+01 
 4.508131888e-02  2.808597654e+01 
 4.538699609e-02  2.825092750e+01 
 4.562013009e-02  2.837806429e+01 
 4.596817970e-02  2.856413120e+01 
 4.630466925e-02  2.874529213e+01 
 4.662124881e-02  2.891681216e+01 
 4.704699298e-02  2.914572310e+01 
 4.743151967e-02  2.934948143e+01 
 4.777643894e-02  2.952854985e+01 
 4.805900097e-02  2.968368179e+01 
 4.830587108e-02  2.987164708e+01 
 4.853655581e-02  3.004146550e+01 
 4.878253132e-02  3.021538761e+01 
 4.903700159e-02  3.039052344e+01 
 4.925405545e-02  3.053381614e+01 
 4.950942291e-02  3.069356899e+01 
 4.978639621e-02  3.086047299e+01 
 5.006371437e-02  3.102632381e+01 
 5.032701055e-02  3.118625015e+01 
 5.063643267e-02  3.137209349e+01 
 5.087983228e-02  3.151966924e+01 
 5.115656475e-02  3.168768394e+01 
 5.141053207e-02  3.184030919e+01 
 5.164361576e-02  3.198028826e+01 
 5.189296413e-02  3.213067231e+01 
 5.214953650e-02  3.228489581e+01 
 5.239573659e-02  3.243531305e+01 
 5.262522907e-02  3.257935829e+01 
 5.286762847e-02  3.273551398e+01 
 5.307790929e-02  3.291428800e+01 
 5.327451432e-02  3.314876465e+01 
 5.346190437e-02  3.337722338e+01 
 5.361593636e-02  3.359943400e+01 
 5.376754744e-02  3.378859280e+01 
 5.392136491e-02  3.401211831e+01 
 5.406244628e-02  3.421748246e+01 
 5.416705035e-02  3.446548562e+01 
 5.423742918e-02  3.478673052e+01 
 5.431002841e-02  3.514194990e+01 
 5.436703213e-02  3.546638339e+01 
 5.441693670e-02  3.582178576e+01 
 5.445415924e-02  3.616285511e+01 
 5.448742821e-02  3.647488168e+01 
 5.452962807e-02  3.680336724e+01 
 5.453458413e-02  3.715621311e+01 
 5.452175778e-02  3.754099954e+01 
 5.449300392e-02  3.792218954e+01 
 5.443572377e-02  3.826074638e+01 
 5.434345052e-02  3.862274130e+01 
 5.412134410e-02  3.889376437e+01 
 5.387573317e-02  3.916946256e+01 
 5.364642141e-02  3.941288335e+01 
 5.339112915e-02  3.967311972e+01 
 5.314872546e-02  3.989492363e+01 
 5.290301192e-02  4.009281537e+01 
 5.264610803e-02  4.029790111e+01 
 5.235477916e-02  4.052708600e+01 
 5.204500012e-02  4.076905036e+01 
 5.169717626e-02  4.094652724e+01 
 5.140717017e-02  4.107557451e+01 
 5.110833268e-02  4.120848021e+01 
 5.087565953e-02  4.131514426e+01 
 5.061959407e-02  4.143672900e+01 
 5.034292859e-02  4.157332244e+01 
 5.003524126e-02  4.170882919e+01 
 4.959674860e-02  4.188595329e+01 
 4.959674860e-02  4.188595329e+01 
K1 
 1.676567111e-01  4.541181955e+01 
 1.657487059e-01  4.564264580e+01 
 1.633305155e-01  4.593195362e+01 
 1.611697090e-01  4.608259575e+01 
 1.595110703e-01  4.619219802e+01 
 1.579772422e-01  4.630459783e+01 
 1.564943975e-01  4.641853131e+01 
 1.549966191e-01  4.653726965e+01 
 1.536129627e-01  4.656911081e+01 
 1.522613102e-01  4.659842777e+01 
 1.511645569e-01  4.661692661e+01 
 1.501087805e-01  4.663256718e+01 
 1.490539114e-01  4.663739962e+01 
 1.477387407e-01  4.658714701e+01 
 1.468964989e-01  4.655268455e+01 
 1.460786034e-01  4.651853419e+01 
 1.451925047e-01  4.648416281e+01 
 1.443392682e-01  4.644924162e+01 
 1.430495144e-01  4.634479089e+01 
 1.423396535e-01  4.616353478e+01 
 1.417126333e-01  4.600618644e+01 
 1.411298052e-01  4.586372904e+01 
 1.405417975e-01  4.572242623e+01 
 1.399871499e-01  4.559058713e+01 
 1.393968738e-01  4.545423295e+01 
 1.388137110e-01  4.532442214e+01 
 1.382969546e-01  4.520665866e+01 
 1.378736828e-01  4.501240746e+01 
 1.374570719e-01  4.483231266e+01 
 1.369899240e-01  4.463896197e+01 
 1.365484386e-01  4.444956598e+01 
 1.361490042e-01  4.427579993e+01 
 1.357448042e-01  4.410246424e+01 
 1.353531550e-01  4.393688878e+01 
 1.349548136e-01  4.376864840e+01 
 1.345954212e-01  4.362115183e+01 
 1.342030380e-01  4.346523940e+01 
 1.337825253e-01  4.331635559e+01 
 1.333065456e-01  4.316275046e+01 
 1.328572137e-01  4.302227685e+01 
 1.323570240e-01  4.287299180e+01 
 1.318097366e-01  4.271839537e+01 
 1.311982564e-01  4.255805023e+01 
 1.306207871e-01  4.241660393e+01 
 1.299469590e-01  4.226140585e+01 
 1.292702628e-01  4.211733491e+01 
 1.285190077e-01  4.197701767e+01 
 1.277289817e-01  4.184101042e+01 
 1.269356875e-01  4.170499270e+01 
 1.260991953e-01  4.156494494e+01 
 1.253983999e-01  4.145458783e+01 
 1.246968695e-01  4.134819503e+01 
 1.240333794e-01  4.124943817e+01 
 1.234148702e-01  4.115646118e+01 
 1.228800723e-01  4.099835090e+01 
 1.223207227e-01  4.083309975e+01 
 1.217537605e-01  4.066613266e+01 
 1.211907646e-01  4.050498594e+01 
 1.206180646e-01  4.034871121e+01 
 1.200298700e-01  4.018739351e+01 
 1.194075962e-01  4.001231137e+01 
 1.190012776e-01  3.980554213e+01 
 1.185349727e-01  3.956804766e+01 
 1.181084260e-01  3.935122479e+01 
 1.176365625e-01  3.910967316e+01 
 1.171840576e-01  3.887588018e+01 
 1.167214009e-01  3.863333024e+01 
 1.162914288e-01  3.838253523e+01 
 1.161900005e-01  3.798788479e+01 
 1.160920634e-01  3.763637888e+01 
 1.159734189e-01  3.726337031e+01 
 1.158441939e-01  3.689078983e+01 
 1.156892754e-01  3.648982724e+01 
 1.155040303e-01  3.603554806e+01 
 1.156407313e-01  3.566117662e+01 
 1.159572880e-01  3.525667852e+01 
 1.164673187e-01  3.463475900e+01 
 1.169238672e-01  3.410496958e+01 
 1.174668463e-01  3.370943238e+01 
 1.182159249e-01  3.332593201e+01 
 1.188937116e-01  3.297317343e+01 
 1.196174100e-01  3.261769850e+01 
 1.206855226e-01  3.242713357e+01 
 1.220789999e-01  3.221439994e+01 
 1.233372019e-01  3.202665609e+01 
 1.247257457e-01  3.181629624e+01 
 1.260707138e-01  3.162178911e+01 
 1.273983574e-01  3.144084813e+01 
 1.289774862e-01  3.128232427e+01 
 1.307215330e-01  3.134509829e+01 
 1.322752335e-01  3.145646367e+01 
 1.340699240e-01  3.149067879e+01 
 1.361936045e-01  3.159833397e+01 
 1.385338613e-01  3.171342843e+01 
 1.403577352e-01  3.179232577e+01 
 1.416760007e-01  3.187530295e+01 
 1.432418718e-01  3.201870342e+01 
 1.442953164e-01  3.211034829e+01 
 1.454014399e-01  3.221740585e+01 
 1.463409122e-01  3.232480771e+01 
 1.471393736e-01  3.241634590e+01 
 1.483041009e-01  3.255813444e+01 
 1.497607091e-01  3.272095167e+01 
 1.508849954e-01  3.283960366e+01 
 1.516896838e-01  3.296183236e+01 
 1.526261778e-01  3.300588763e+01 
 1.534824650e-01  3.311127186e+01 
 1.544206678e-01  3.323893923e+01 
 1.551063878e-01  3.333305785e+01 
 1.561839938e-01  3.346204222e+01 
 1.570053219e-01  3.355695539e+01 
 1.582375566e-01  3.369299402e+01 
 1.594351700e-01  3.382316743e+01 
 1.605665757e-01  3.394867010e+01 
 1.620831616e-01  3.412208810e+01 
 1.634426235e-01  3.427508159e+01 
 1.646558313e-01  3.440651196e+01 
 1.656475851e-01  3.451941012e+01 
 1.665100185e-01  3.466357722e+01 
 1.673122195e-01  3.479355399e+01 
 1.681636278e-01  3.492531481e+01 
 1.690398672e-01  3.505748203e+01 
 1.697825774e-01  3.516528280e+01 
 1.706514833e-01  3.528356234e+01 
 1.715906221e-01  3.540598229e+01 
 1.725303634e-01  3.552797242e+01 
 1.734213336e-01  3.564648427e+01 
 1.744671594e-01  3.578473991e+01 
 1.752892658e-01  3.589577741e+01 
 1.762221752e-01  3.602290380e+01 
 1.770780477e-01  3.613891271e+01 
 1.778628686e-01  3.624601073e+01 
 1.787024736e-01  3.636170297e+01 
 1.795678027e-01  3.648080248e+01 
 1.804004928e-01  3.659818448e+01 
 1.811792701e-01  3.671246332e+01 
 1.820012492e-01  3.683853566e+01 
 1.827019303e-01  3.698895323e+01 
 1.833353320e-01  3.719288890e+01 
 1.839380469e-01  3.739330415e+01 
 1.844244703e-01  3.759158063e+01 
 1.849141365e-01  3.776048801e+01 
 1.854027015e-01  3.796234865e+01 
 1.858487435e-01  3.814832800e+01 
 1.861479922e-01  3.837631836e+01 
 1.863008006e-01  3.867500625e+01 
 1.864517862e-01  3.900593738e+01 
 1.865598088e-01  3.930896985e+01 
 1.866382376e-01  3.964188434e+01 
 1.866771975e-01  3.996191161e+01 
 1.867068428e-01  4.025441984e+01 
 1.867522845e-01  4.056103697e+01 
 1.866283437e-01  4.088839197e+01 
 1.864134102e-01  4.124663855e+01 
 1.861500385e-01  4.160401152e+01 
 1.858150616e-01  4.192291370e+01 
 1.853581468e-01  4.226553911e+01 
 1.844609366e-01  4.252263240e+01 
 1.834809960e-01  4.278455574e+01 
 1.825763383e-01  4.301653948e+01 
 1.815803798e-01  4.326513918e+01 
 1.806492653e-01  4.347748411e+01 
 1.797180755e-01  4.366742649e+01 
 1.787510248e-01  4.386451967e+01 
 1.776619773e-01  4.408488995e+01 
 1.765127617e-01  4.431769665e+01 
 1.752477422e-01  4.449003397e+01 
 1.742033041e-01  4.461589608e+01 
 1.731372019e-01  4.474499631e+01 
 1.723088106e-01  4.484840591e+01 
 1.713926006e-01  4.496592255e+01 
 1.703918711e-01  4.509879823e+01 
 1.692659696e-01  4.523256850e+01 
 1.676567111e-01  4.541181955e+01 
 1.676567111e-01  4.541181955e+01 
N2 
 8.147987400e-02  1.614704345e+02 
 8.504378937e-02  1.606244604e+02 
 8.958059641e-02  1.595361430e+02 
 9.391464544e-02  1.588113970e+02 
 9.694884699e-02  1.584032558e+02 
 9.953962445e-02  1.580934993e+02 
 1.018610486e-01  1.578461653e+02 
 1.040931312e-01  1.576163053e+02 
 1.059552114e-01  1.575929609e+02 
 1.077073048e-01  1.575896938e+02 
 1.090594216e-01  1.576143660e+02 
 1.103171182e-01  1.576553545e+02 
 1.115102802e-01  1.577283281e+02 
 1.128124040e-01  1.579770582e+02 
 1.136269155e-01  1.581452701e+02 
 1.144042204e-01  1.583098606e+02 
 1.152283519e-01  1.584825532e+02 
 1.160107347e-01  1.586484097e+02 
 1.171246564e-01  1.590017993e+02 
 1.176037105e-01  1.594460564e+02 
 1.180186069e-01  1.598300835e+02 
 1.183890939e-01  1.601802459e+02 
 1.187467481e-01  1.605286578e+02 
 1.190744583e-01  1.608538057e+02 
 1.194026748e-01  1.611947059e+02 
 1.197028916e-01  1.615282182e+02 
 1.199398710e-01  1.618366548e+02 
 1.199625899e-01  1.622977532e+02 
 1.199770372e-01  1.627309681e+02 
 1.199996791e-01  1.631851186e+02 
 1.200363687e-01  1.636035721e+02 
 1.200715150e-01  1.639753217e+02 
 1.200954789e-01  1.643454270e+02 
 1.201104123e-01  1.647016029e+02 
 1.201088185e-01  1.650654418e+02 
 1.200970707e-01  1.653886255e+02 
 1.200783269e-01  1.657354790e+02 
 1.200682442e-01  1.660764051e+02 
 1.200637941e-01  1.664386471e+02 
 1.200485200e-01  1.667772349e+02 
 1.200135798e-01  1.671480681e+02 
 1.199623007e-01  1.675461034e+02 
 1.198735906e-01  1.679823313e+02 
 1.197719271e-01  1.683877336e+02 
 1.196253221e-01  1.688561943e+02 
 1.194579277e-01  1.693161334e+02 
 1.192592350e-01  1.698063728e+02 
 1.190307160e-01  1.703147021e+02 
 1.187691910e-01  1.708341377e+02 
 1.184774641e-01  1.713805988e+02 
 1.182220460e-01  1.718292052e+02 
 1.179593596e-01  1.722742027e+02 
 1.176983033e-01  1.726962958e+02 
 1.174426564e-01  1.730931331e+02 
 1.169927120e-01  1.735804534e+02 
 1.165246439e-01  1.740820194e+02 
 1.160520154e-01  1.745839091e+02 
 1.155903635e-01  1.750679264e+02 
 1.151250881e-01  1.755464087e+02 
 1.146448923e-01  1.760344166e+02 
 1.141396266e-01  1.765477245e+02 
 1.135587222e-01  1.770333746e+02 
 1.128943967e-01  1.775855149e+02 
 1.123007098e-01  1.780790884e+02 
 1.116561758e-01  1.786173090e+02 
 1.110493662e-01  1.791266247e+02 
 1.104409119e-01  1.796411224e+02 
 1.098353941e-01  1.801459569e+02 
 1.088925484e-01  1.807620383e+02 
 1.080477546e-01  1.813189214e+02 
 1.071460143e-01  1.819192337e+02 
 1.062313186e-01  1.825311403e+02 
 1.052390563e-01  1.832044394e+02 
 1.041014960e-01  1.839867304e+02 
 1.031219435e-01  1.845802280e+02 
 1.020278758e-01  1.852079292e+02 
 1.003144860e-01  1.862221237e+02 
 9.879581351e-02  1.871587234e+02 
 9.748727381e-02  1.879381317e+02 
 9.599580831e-02  1.887793449e+02 
 9.460684016e-02  1.895575511e+02 
 9.329866754e-02  1.902763170e+02 
 9.236292100e-02  1.906079468e+02 
 9.126303400e-02  1.909729059e+02 
 9.036008872e-02  1.912187578e+02 
 8.942595555e-02  1.914086703e+02 
 8.856424462e-02  1.915551288e+02 
 8.774280155e-02  1.916776459e+02 
 8.685917302e-02  1.917606977e+02 
 8.626987207e-02  1.916006935e+02 
 8.587239552e-02  1.913918274e+02 
 8.517287506e-02  1.913279286e+02 
 8.449746420e-02  1.911598349e+02 
 8.374969010e-02  1.909869471e+02 
 8.309819893e-02  1.908587865e+02 
 8.277545050e-02  1.906525906e+02 
 8.252774261e-02  1.903538962e+02 
 8.243144313e-02  1.901813498e+02 
 8.224317218e-02  1.900764954e+02 
 8.205492282e-02  1.900124938e+02 
 8.185696813e-02  1.899403111e+02 
 8.141232206e-02  1.898440586e+02 
 8.095340051e-02  1.896765474e+02 
 8.063747847e-02  1.895523440e+02 
 8.044962259e-02  1.894657115e+02 
 8.013736701e-02  1.894655630e+02 
 7.986457936e-02  1.894494392e+02 
 7.948315916e-02  1.894558601e+02 
 7.917560275e-02  1.894674296e+02 
 7.866049416e-02  1.895177937e+02 
 7.823400096e-02  1.895657478e+02 
 7.754370895e-02  1.896726567e+02 
 7.682175222e-02  1.898096185e+02 
 7.609219335e-02  1.899707425e+02 
 7.502587098e-02  1.902265039e+02 
 7.397231084e-02  1.905168096e+02 
 7.295269088e-02  1.908354899e+02 
 7.206653069e-02  1.911236015e+02 
 7.121390026e-02  1.913506957e+02 
 7.039319716e-02  1.915721730e+02 
 6.949802849e-02  1.918299302e+02 
 6.855268738e-02  1.921105958e+02 
 6.775046495e-02  1.923500091e+02 
 6.679975305e-02  1.926603409e+02 
 6.577285700e-02  1.930078586e+02 
 6.473754071e-02  1.933567022e+02 
 6.373041479e-02  1.936943480e+02 
 6.255693858e-02  1.940784718e+02 
 6.164171781e-02  1.943619988e+02 
 6.060166832e-02  1.946791368e+02 
 5.965487544e-02  1.949648420e+02 
 5.879070016e-02  1.952162979e+02 
 5.785798577e-02  1.954876375e+02 
 5.688280607e-02  1.957793189e+02 
 5.592459266e-02  1.960668186e+02 
 5.500232555e-02  1.963413966e+02 
 5.402115099e-02  1.966032944e+02 
 5.315155584e-02  1.966719278e+02 
 5.232314054e-02  1.964564829e+02 
 5.150488148e-02  1.962272320e+02 
 5.081787786e-02  1.958651933e+02 
 5.013483782e-02  1.956014172e+02 
 4.943161464e-02  1.951709697e+02 
 4.881045940e-02  1.947239343e+02 
 4.837220568e-02  1.939027440e+02 
 4.812060034e-02  1.925654630e+02 
 4.789815571e-02  1.910405187e+02 
 4.773550678e-02  1.896291859e+02 
 4.760772970e-02  1.880733414e+02 
 4.755650273e-02  1.865559578e+02 
 4.757835203e-02  1.851368636e+02 
 4.769634870e-02  1.835853338e+02 
 4.824322212e-02  1.816990629e+02 
 4.916769981e-02  1.795118807e+02 
 5.021456762e-02  1.773793269e+02 
 5.122287024e-02  1.755743708e+02 
 5.238673841e-02  1.737382257e+02 
 5.406451570e-02  1.722582513e+02 
 5.587703653e-02  1.708282944e+02 
 5.750581768e-02  1.696641567e+02 
 5.925783050e-02  1.685184567e+02 
 6.084122116e-02  1.676120679e+02 
 6.236878899e-02  1.668500966e+02 
 6.394352277e-02  1.661202878e+02 
 6.570686748e-02  1.653643544e+02 
 6.755477229e-02  1.646279768e+02 
 6.946041251e-02  1.641170847e+02 
 7.096351267e-02  1.637907024e+02 
 7.241787960e-02  1.635065621e+02 
 7.354259693e-02  1.632915959e+02 
 7.486780129e-02  1.630143286e+02 
 7.648129746e-02  1.626377942e+02 
 7.846758240e-02  1.621765345e+02 
 8.147987400e-02  1.614704345e+02 
 8.147987400e-02  1.614704345e+02 
M2 
 3.622811226e-01  1.667391854e+02 
 3.757097363e-01  1.661267135e+02 
 3.927276160e-01  1.653149826e+02 
 4.098977171e-01  1.647728803e+02 
 4.213562665e-01  1.645209655e+02 
 4.310121743e-01  1.643752340e+02 
 4.396300869e-01  1.643008675e+02 
 4.479200496e-01  1.642497264e+02 
 4.546214027e-01  1.644596364e+02 
 4.609440033e-01  1.646854316e+02 
 4.658466997e-01  1.648977148e+02 
 4.704020058e-01  1.651212344e+02 
 4.746627929e-01  1.653879361e+02 
 4.789500811e-01  1.659451325e+02 
 4.816049151e-01  1.663131445e+02 
 4.841131075e-01  1.666723141e+02 
 4.867439360e-01  1.670557394e+02 
 4.892277774e-01  1.674242043e+02 
 4.925033686e-01  1.681334331e+02 
 4.932868357e-01  1.688970339e+02 
 4.939461472e-01  1.695664099e+02 
 4.945056900e-01  1.701844920e+02 
 4.950187748e-01  1.708059792e+02 
 4.954810316e-01  1.713910916e+02 
 4.959183268e-01  1.720102672e+02 
 4.962859761e-01  1.726218617e+02 
 4.965021759e-01  1.731869798e+02 
 4.957535108e-01  1.739738452e+02 
 4.950712828e-01  1.747191199e+02 
 4.944268403e-01  1.755083452e+02 
 4.939515149e-01  1.762378680e+02 
 4.935980810e-01  1.768873336e+02 
 4.932673535e-01  1.775362108e+02 
 4.929771157e-01  1.781624230e+02 
 4.926917964e-01  1.788028946e+02 
 4.924568223e-01  1.793742750e+02 
 4.922363893e-01  1.799907380e+02 
 4.921273072e-01  1.806050296e+02 
 4.921163066e-01  1.812658098e+02 
 4.921376264e-01  1.818863957e+02 
 4.921851045e-01  1.825695027e+02 
 4.922720945e-01  1.833085875e+02 
 4.923714324e-01  1.841230163e+02 
 4.924885458e-01  1.848849709e+02 
 4.926478368e-01  1.857685949e+02 
 4.928322306e-01  1.866417372e+02 
 4.931001561e-01  1.875797898e+02 
 4.934436322e-01  1.885536582e+02 
 4.938471123e-01  1.895397422e+02 
 4.943503564e-01  1.905725723e+02 
 4.948005078e-01  1.914185712e+02 
 4.952885496e-01  1.922554565e+02 
 4.957791816e-01  1.930422262e+02 
 4.962520125e-01  1.937751074e+02 
 4.960315345e-01  1.946338445e+02 
 4.958509840e-01  1.955114133e+02 
 4.957178829e-01  1.963814420e+02 
 4.956193383e-01  1.972165238e+02 
 4.955384883e-01  1.980397019e+02 
 4.954867771e-01  1.988697262e+02 
 4.954831517e-01  1.997291121e+02 
 4.948348003e-01  2.005058797e+02 
 4.941180828e-01  2.013793494e+02 
 4.935102642e-01  2.021503329e+02 
 4.928877691e-01  2.029787215e+02 
 4.923351203e-01  2.037499200e+02 
 4.918147189e-01  2.045164758e+02 
 4.912424930e-01  2.052527678e+02 
 4.890982228e-01  2.060812288e+02 
 4.872004535e-01  2.068161550e+02 
 4.852108217e-01  2.075970597e+02 
 4.832165445e-01  2.083796036e+02 
 4.810962481e-01  2.092277099e+02 
 4.787006894e-01  2.101922279e+02 
 4.759996262e-01  2.108733993e+02 
 4.726599665e-01  2.115563601e+02 
 4.674797453e-01  2.126305881e+02 
 4.628998593e-01  2.135956571e+02 
 4.586434655e-01  2.143544972e+02 
 4.536370373e-01  2.151433649e+02 
 4.490340423e-01  2.158818917e+02 
 4.445559752e-01  2.165492676e+02 
 4.403907302e-01  2.167561396e+02 
 4.354046114e-01  2.169639807e+02 
 4.311475913e-01  2.170906976e+02 
 4.266082891e-01  2.171628049e+02 
 4.223962484e-01  2.172030696e+02 
 4.184016242e-01  2.172240618e+02 
 4.140029490e-01  2.171827009e+02 
 4.102596969e-01  2.168269679e+02 
 4.073747989e-01  2.164048815e+02 
 4.035436123e-01  2.161343788e+02 
 3.995343252e-01  2.157015749e+02 
 3.951566498e-01  2.152472093e+02 
 3.916261239e-01  2.148691072e+02 
 3.893188303e-01  2.144537595e+02 
 3.869344571e-01  2.138530306e+02 
 3.857022442e-01  2.134548253e+02 
 3.843097471e-01  2.131217757e+02 
 3.831241640e-01  2.128586518e+02 
 3.819324930e-01  2.126245735e+02 
 3.795900476e-01  2.123090358e+02 
 3.768219376e-01  2.118426558e+02 
 3.747997794e-01  2.114567001e+02 
 3.735599108e-01  2.111483758e+02 
 3.719336385e-01  2.109601701e+02 
 3.705233596e-01  2.107356329e+02 
 3.687148969e-01  2.105084393e+02 
 3.673084486e-01  2.103489640e+02 
 3.650352120e-01  2.101325045e+02 
 3.631655855e-01  2.099670658e+02 
 3.602283853e-01  2.097429936e+02 
 3.572308083e-01  2.095483187e+02 
 3.542854561e-01  2.093940592e+02 
 3.500058652e-01  2.092318950e+02 
 3.457852689e-01  2.091328869e+02 
 3.417129777e-01  2.090874596e+02 
 3.381677768e-01  2.090626664e+02 
 3.347241325e-01  2.089723612e+02 
 3.313591636e-01  2.089047596e+02 
 3.276132947e-01  2.088610170e+02 
 3.235524031e-01  2.088354661e+02 
 3.200186083e-01  2.088168110e+02 
 3.157458453e-01  2.088192401e+02 
 3.110397234e-01  2.088364173e+02 
 3.062016066e-01  2.088684591e+02 
 3.013986972e-01  2.089146149e+02 
 2.956776642e-01  2.089681929e+02 
 2.911153910e-01  2.090021360e+02 
 2.858411695e-01  2.090400766e+02 
 2.809765991e-01  2.090686699e+02 
 2.764969034e-01  2.090816482e+02 
 2.716645998e-01  2.090869211e+02 
 2.666503486e-01  2.090938481e+02 
 2.617707879e-01  2.090983573e+02 
 2.571303194e-01  2.090930556e+02 
 2.522105728e-01  2.090464775e+02 
 2.478289849e-01  2.087933813e+02 
 2.435895094e-01  2.082058792e+02 
 2.395081072e-01  2.075922739e+02 
 2.360939011e-01  2.068773685e+02 
 2.328116232e-01  2.062787883e+02 
 2.294843750e-01  2.054613146e+02 
 2.265951025e-01  2.046412549e+02 
 2.245199571e-01  2.034367938e+02 
 2.232603210e-01  2.016803608e+02 
 2.222161682e-01  1.996862208e+02 
 2.215402573e-01  1.978529209e+02 
 2.211173985e-01  1.958522500e+02 
 2.210904337e-01  1.939197204e+02 
 2.214146296e-01  1.921116924e+02 
 2.222285454e-01  1.901110560e+02 
 2.248457961e-01  1.877599375e+02 
 2.290576042e-01  1.851039235e+02 
 2.338889156e-01  1.825267588e+02 
 2.387355225e-01  1.803274639e+02 
 2.443892958e-01  1.781114242e+02 
 2.516533537e-01  1.765197088e+02 
 2.594335258e-01  1.749951188e+02 
 2.663939100e-01  1.737613262e+02 
 2.738531620e-01  1.725552485e+02 
 2.805200302e-01  1.716214835e+02 
 2.868606030e-01  1.708601989e+02 
 2.933668908e-01  1.701397039e+02 
 3.006235232e-01  1.694017672e+02 
 3.081910795e-01  1.686936917e+02 
 3.155641211e-01  1.683111248e+02 
 3.212650573e-01  1.681181417e+02 
 3.268081945e-01  1.679781637e+02 
 3.310960168e-01  1.678765796e+02 
 3.362346795e-01  1.677265185e+02 
 3.427177501e-01  1.674988004e+02 
 3.507034182e-01  1.672184771e+02 
 3.622811226e-01  1.667391854e+02 
 3.622811226e-01  1.667391854e+02 
S2 
 1.737256936e-01  1.691200668e+02 
 1.787396317e-01  1.680134033e+02 
 1.853013182e-01  1.665377105e+02 
 1.923425214e-01  1.653985517e+02 
 1.967666081e-01  1.647863384e+02 
 2.002717577e-01  1.643236667e+02 
 2.031625145e-01  1.639519022e+02 
 2.057978134e-01  1.636107847e+02 
 2.071947170e-01  1.634387720e+02 
 2.083623974e-01  1.633037347e+02 
 2.091288545e-01  1.632396185e+02 
 2.097291177e-01  1.632083020e+02 
 2.100702867e-01  1.632130362e+02 
 2.094585389e-01  1.633571251e+02 
 2.089786468e-01  1.634712586e+02 
 2.084560236e-01  1.635932165e+02 
 2.078413075e-01  1.637295354e+02 
 2.072095637e-01  1.638713385e+02 
 2.056085914e-01  1.641844350e+02 
 2.032665804e-01  1.645628516e+02 
 2.011720481e-01  1.649054889e+02 
 1.991928187e-01  1.652316820e+02 
 1.971611762e-01  1.655699571e+02 
 1.952211994e-01  1.658976257e+02 
 1.931285001e-01  1.662546702e+02 
 1.910131841e-01  1.666174467e+02 
 1.890137933e-01  1.669599364e+02 
 1.860420626e-01  1.674466113e+02 
 1.832100812e-01  1.679187303e+02 
 1.801988628e-01  1.684291551e+02 
 1.774423460e-01  1.689138289e+02 
 1.750007305e-01  1.693575777e+02 
 1.725561055e-01  1.698136015e+02 
 1.701989856e-01  1.702664314e+02 
 1.677874306e-01  1.707448364e+02 
 1.656345851e-01  1.711840943e+02 
 1.633157054e-01  1.716707734e+02 
 1.610169065e-01  1.721740891e+02 
 1.585588005e-01  1.727359937e+02 
 1.562571271e-01  1.732819886e+02 
 1.537261678e-01  1.739049456e+02 
 1.509939462e-01  1.746047049e+02 
 1.479813414e-01  1.754106744e+02 
 1.451707874e-01  1.761980461e+02 
 1.419238835e-01  1.771557113e+02 
 1.387277457e-01  1.781489490e+02 
 1.353097892e-01  1.792753878e+02 
 1.318026773e-01  1.805160351e+02 
 1.283200165e-01  1.818528468e+02 
 1.247417207e-01  1.833387828e+02 
 1.218435109e-01  1.846228771e+02 
 1.190195039e-01  1.859557229e+02 
 1.164130557e-01  1.872716189e+02 
 1.140310891e-01  1.885520994e+02 
 1.112419855e-01  1.900491568e+02 
 1.084620859e-01  1.916521590e+02 
 1.057826717e-01  1.933185317e+02 
 1.032724645e-01  1.949924749e+02 
 1.008537162e-01  1.967196654e+02 
 9.850075560e-02  1.985410811e+02 
 9.617015505e-02  2.005113599e+02 
 9.412285096e-02  2.022850012e+02 
 9.191510322e-02  2.043578051e+02 
 9.005447339e-02  2.062566402e+02 
 8.815878732e-02  2.083683304e+02 
 8.649546241e-02  2.103999646e+02 
 8.494124695e-02  2.124800208e+02 
 8.353830645e-02  2.145158541e+02 
 8.199204279e-02  2.166089001e+02 
 8.070841527e-02  2.185117564e+02 
 7.944044933e-02  2.205802404e+02 
 7.826233434e-02  2.227043824e+02 
 7.710668382e-02  2.250547408e+02 
 7.594856969e-02  2.277814593e+02 
 7.514215087e-02  2.295497502e+02 
 7.436290973e-02  2.312136356e+02 
 7.332120807e-02  2.338291822e+02 
 7.259958782e-02  2.361804146e+02 
 7.215292132e-02  2.379305424e+02 
 7.173358332e-02  2.396761226e+02 
 7.131810462e-02  2.413439884e+02 
 7.089556893e-02  2.427517773e+02 
 7.052273795e-02  2.426812989e+02 
 7.008094625e-02  2.424159093e+02 
 6.959246284e-02  2.420361413e+02 
 6.897987842e-02  2.414345942e+02 
 6.840447371e-02  2.407579697e+02 
 6.787653228e-02  2.400143103e+02 
 6.738427231e-02  2.389253333e+02 
 6.741959706e-02  2.369189058e+02 
 6.773000540e-02  2.348808479e+02 
 6.795136509e-02  2.331139792e+02 
 6.849588332e-02  2.308209397e+02 
 6.929775313e-02  2.283918662e+02 
 7.008525524e-02  2.265008697e+02 
 7.079447562e-02  2.248224280e+02 
 7.195424489e-02  2.226524190e+02 
 7.292487096e-02  2.212373879e+02 
 7.392820995e-02  2.200713064e+02 
 7.481856655e-02  2.191942842e+02 
 7.552881171e-02  2.184382433e+02 
 7.651623674e-02  2.174046100e+02 
 7.782234944e-02  2.159748552e+02 
 7.898244563e-02  2.148477482e+02 
 7.997119717e-02  2.140843259e+02 
 8.079225296e-02  2.134603545e+02 
 8.171646418e-02  2.128833225e+02 
 8.270787109e-02  2.123051521e+02 
 8.342858416e-02  2.119082333e+02 
 8.452233456e-02  2.113651490e+02 
 8.536248970e-02  2.109617792e+02 
 8.659655252e-02  2.104250800e+02 
 8.777709393e-02  2.099755712e+02 
 8.886698415e-02  2.096309071e+02 
 9.023487279e-02  2.092839363e+02 
 9.139994873e-02  2.090798412e+02 
 9.239657497e-02  2.089864381e+02 
 9.319250655e-02  2.089504789e+02 
 9.393282876e-02  2.088738414e+02 
 9.456783882e-02  2.088249671e+02 
 9.519654631e-02  2.088101576e+02 
 9.579404216e-02  2.088248327e+02 
 9.626919913e-02  2.088448506e+02 
 9.678874307e-02  2.089090488e+02 
 9.730757670e-02  2.090015498e+02 
 9.775213912e-02  2.091178357e+02 
 9.807127558e-02  2.092547168e+02 
 9.836480309e-02  2.094110613e+02 
 9.853565819e-02  2.095201015e+02 
 9.866082637e-02  2.096381445e+02 
 9.872904870e-02  2.097366107e+02 
 9.875500776e-02  2.098128790e+02 
 9.872403527e-02  2.098872003e+02 
 9.863479893e-02  2.099733461e+02 
 9.848272491e-02  2.100628290e+02 
 9.825667940e-02  2.101409589e+02 
 9.796814251e-02  2.101841084e+02 
 9.775669943e-02  2.100164864e+02 
 9.767227403e-02  2.095283259e+02 
 9.754026717e-02  2.090316232e+02 
 9.745426430e-02  2.084329747e+02 
 9.726216362e-02  2.079523283e+02 
 9.710841652e-02  2.072771139e+02 
 9.701081007e-02  2.065990629e+02 
 9.722046955e-02  2.055468428e+02 
 9.783790938e-02  2.039657687e+02 
 9.864404183e-02  2.021863003e+02 
 9.945717740e-02  2.005686202e+02 
 1.004268912e-01  1.988185184e+02 
 1.014950326e-01  1.971327905e+02 
 1.026571046e-01  1.955558131e+02 
 1.041808211e-01  1.938095675e+02 
 1.066063394e-01  1.916932788e+02 
 1.099704225e-01  1.892487470e+02 
 1.136025409e-01  1.868868856e+02 
 1.169551440e-01  1.849013705e+02 
 1.206452642e-01  1.828989066e+02 
 1.245333018e-01  1.813105739e+02 
 1.286531106e-01  1.797611465e+02 
 1.323086544e-01  1.784908415e+02 
 1.361880607e-01  1.772362759e+02 
 1.395668675e-01  1.762362268e+02 
 1.426858226e-01  1.753870820e+02 
 1.458442520e-01  1.745711817e+02 
 1.493276290e-01  1.737215442e+02 
 1.529157321e-01  1.728950901e+02 
 1.560572521e-01  1.722998924e+02 
 1.583373683e-01  1.719203206e+02 
 1.604554730e-01  1.716063855e+02 
 1.620668186e-01  1.713761886e+02 
 1.640028755e-01  1.710709643e+02 
 1.664370410e-01  1.706288641e+02 
 1.693859604e-01  1.700461526e+02 
 1.737256936e-01  1.691200668e+02 
 1.737256936e-01  1.691200668e+02 
K2 
 4.674457387e-02  1.614200921e+02 
 4.812346287e-02  1.604718881e+02 
 4.988376828e-02  1.591917853e+02 
 5.166352883e-02  1.582493514e+02 
 5.280798044e-02  1.577372561e+02 
 5.368929980e-02  1.573572955e+02 
 5.439624159e-02  1.570556222e+02 
 5.502867869e-02  1.567748704e+02 
 5.529591048e-02  1.566451610e+02 
 5.550483877e-02  1.565393799e+02 
 5.562674416e-02  1.564892333e+02 
 5.570956598e-02  1.564631458e+02 
 5.572422571e-02  1.564636912e+02 
 5.545060186e-02  1.565828864e+02 
 5.525736416e-02  1.566735341e+02 
 5.506011118e-02  1.567675565e+02 
 5.484038775e-02  1.568678970e+02 
 5.462395685e-02  1.569695591e+02 
 5.412018479e-02  1.572021928e+02 
 5.342716439e-02  1.575085791e+02 
 5.281450745e-02  1.577857449e+02 
 5.224090342e-02  1.580503999e+02 
 5.165612508e-02  1.583266158e+02 
 5.110015445e-02  1.585959793e+02 
 5.050273842e-02  1.588923212e+02 
 4.990046255e-02  1.591968838e+02 
 4.933216083e-02  1.594887735e+02 
 4.848911611e-02  1.599247154e+02 
 4.768652265e-02  1.603523352e+02 
 4.683408994e-02  1.608195888e+02 
 4.605382334e-02  1.612678924e+02 
 4.536235928e-02  1.616827152e+02 
 4.466983880e-02  1.621139541e+02 
 4.400189480e-02  1.625465445e+02 
 4.331820524e-02  1.630094967e+02 
 4.270777554e-02  1.634389404e+02 
 4.205023373e-02  1.639186536e+02 
 4.139701358e-02  1.644189148e+02 
 4.069753190e-02  1.649819218e+02 
 4.004245936e-02  1.655341887e+02 
 3.932206638e-02  1.661708946e+02 
 3.854529901e-02  1.668918769e+02 
 3.768996848e-02  1.677313706e+02 
 3.689405797e-02  1.685578598e+02 
 3.597725590e-02  1.695724675e+02 
 3.507859422e-02  1.706321199e+02 
 3.412158534e-02  1.718427990e+02 
 3.314510174e-02  1.731857731e+02 
 3.218229373e-02  1.746448593e+02 
 3.120146415e-02  1.762756042e+02 
 3.041424257e-02  1.776906182e+02 
 2.965393964e-02  1.791626574e+02 
 2.895892915e-02  1.806200134e+02 
 2.832995359e-02  1.820404511e+02 
 2.760803741e-02  1.836963981e+02 
 2.689546515e-02  1.854702646e+02 
 2.621584230e-02  1.873143305e+02 
 2.558509201e-02  1.891646232e+02 
 2.498298933e-02  1.910711925e+02 
 2.440403179e-02  1.930798967e+02 
 2.383846721e-02  1.952510408e+02 
 2.334784962e-02  1.972001509e+02 
 2.282479522e-02  1.994756941e+02 
 2.238981487e-02  2.015583452e+02 
 2.195348981e-02  2.038715737e+02 
 2.157777961e-02  2.060937743e+02 
 2.123435452e-02  2.083652502e+02 
 2.093163267e-02  2.105851920e+02 
 2.059687295e-02  2.128818590e+02 
 2.032577943e-02  2.149718365e+02 
 2.006526455e-02  2.172429763e+02 
 1.983225286e-02  2.195742315e+02 
 1.961429975e-02  2.221481657e+02 
 1.941198761e-02  2.251273902e+02 
 1.927077615e-02  2.270916040e+02 
 1.913709036e-02  2.289698370e+02 
 1.898095268e-02  2.319281781e+02 
 1.890280901e-02  2.345817650e+02 
 1.887637290e-02  2.365792856e+02 
 1.886693413e-02  2.385882943e+02 
 1.885784039e-02  2.404880276e+02 
 1.884289846e-02  2.421082113e+02 
 1.878307153e-02  2.422044450e+02 
 1.870923497e-02  2.421360458e+02 
 1.861204573e-02  2.419200471e+02 
 1.847707426e-02  2.414936980e+02 
 1.834605654e-02  2.409821067e+02 
 1.822278158e-02  2.403992028e+02 
 1.809983932e-02  2.394856408e+02 
 1.807300349e-02  2.375893734e+02 
 1.810905918e-02  2.356215998e+02 
 1.814027647e-02  2.339759380e+02 
 1.823713085e-02  2.317821512e+02 
 1.839653719e-02  2.294484280e+02 
 1.856187118e-02  2.276345118e+02 
 1.870254315e-02  2.259828133e+02 
 1.893789217e-02  2.238084972e+02 
 1.914176071e-02  2.223707656e+02 
 1.936597111e-02  2.211785522e+02 
 1.957267301e-02  2.202758317e+02 
 1.973628245e-02  2.195088797e+02 
 1.996713709e-02  2.184843665e+02 
 2.026774396e-02  2.170538978e+02 
 2.053648120e-02  2.159184198e+02 
 2.076666146e-02  2.151260280e+02 
 2.096516412e-02  2.145043920e+02 
 2.118931838e-02  2.139086408e+02 
 2.143260291e-02  2.133260643e+02 
 2.161201376e-02  2.129329338e+02 
 2.188729472e-02  2.124069799e+02 
 2.209958374e-02  2.120217880e+02 
 2.240971339e-02  2.115223394e+02 
 2.270687289e-02  2.111131305e+02 
 2.298275558e-02  2.108086604e+02 
 2.333865671e-02  2.105115962e+02 
 2.364837931e-02  2.103525034e+02 
 2.391252132e-02  2.102997063e+02 
 2.411914022e-02  2.102900962e+02 
 2.430176926e-02  2.102119107e+02 
 2.445916755e-02  2.101485958e+02 
 2.461350851e-02  2.101022323e+02 
 2.475828938e-02  2.100622221e+02 
 2.487238371e-02  2.100192553e+02 
 2.499668170e-02  2.099871070e+02 
 2.511816242e-02  2.099544719e+02 
 2.521522633e-02  2.099194477e+02 
 2.528084330e-02  2.098729418e+02 
 2.533591173e-02  2.097814365e+02 
 2.536240582e-02  2.096667357e+02 
 2.537391641e-02  2.094926898e+02 
 2.537299460e-02  2.092965559e+02 
 2.536370182e-02  2.090857143e+02 
 2.533915333e-02  2.088327013e+02 
 2.529966713e-02  2.085704201e+02 
 2.524493294e-02  2.083061617e+02 
 2.517347035e-02  2.080230407e+02 
 2.508786863e-02  2.076685148e+02 
 2.502274610e-02  2.071229307e+02 
 2.499101209e-02  2.062475797e+02 
 2.495289454e-02  2.053721130e+02 
 2.493009617e-02  2.044369643e+02 
 2.488367087e-02  2.036358109e+02 
 2.484974759e-02  2.026153782e+02 
 2.483292172e-02  2.016297356e+02 
 2.489975622e-02  2.002892358e+02 
 2.508161377e-02  1.984004885e+02 
 2.532402278e-02  1.962843081e+02 
 2.557337094e-02  1.943675471e+02 
 2.587494182e-02  1.923015540e+02 
 2.620810774e-02  1.903225276e+02 
 2.656882607e-02  1.884822269e+02 
 2.703475126e-02  1.864668510e+02 
 2.775240048e-02  1.841107395e+02 
 2.875003189e-02  1.813973699e+02 
 2.982475152e-02  1.787877255e+02 
 3.079051887e-02  1.766445158e+02 
 3.183913671e-02  1.745122787e+02 
 3.294375567e-02  1.728952136e+02 
 3.411669524e-02  1.713272561e+02 
 3.515601680e-02  1.700509509e+02 
 3.625810516e-02  1.687982568e+02 
 3.721569126e-02  1.678134527e+02 
 3.809727002e-02  1.669908768e+02 
 3.898930724e-02  1.662050914e+02 
 3.997003134e-02  1.653928107e+02 
 4.097870584e-02  1.646069180e+02 
 4.186025341e-02  1.640791059e+02 
 4.249901269e-02  1.637566595e+02 
 4.308968607e-02  1.634960392e+02 
 4.353851910e-02  1.633073790e+02 
 4.407696022e-02  1.630543626e+02 
 4.474590555e-02  1.626835674e+02 
 4.554779794e-02  1.621993781e+02 
 4.674457387e-02  1.614200921e+02 
 4.674457387e-02  1.614200921e+02 
90   	 	 ! ANGINN 
0 0 0 0   	 ! NOUTE, TOUTSE, TOUTFE, NSPOOLE 
0  	 	 ! NSTAE 
0 0 0 0  	 ! NOUTV, TOUTV, TOUTFV, NSPOOLV 
0  	 	 ! NSTAV 
0 0 0 0  	 ! NOUTGE, ... 
0 0 0 0   ! NOUTGV, ... 
8  	 	 ! NFREQ 
Q1 
 6.495854130e-05 1.154361 30.828692 
O1 
 6.759774407e-05 1.167611 319.298452 
P1 
 7.252294576e-05 0.989956 62.660643 
K1 
 7.292115851e-05 1.105328 293.964387 
N2 
 1.378796998e-04 0.968158 322.003118 
M2 
 1.405189028e-04 0.967123 251.622405 
S2 
 1.454441043e-04 1.002091 0.051329 
K2 
 1.458423170e-04 1.288638 47.662052 
0 0 0 0  	 ! THAS, THAF, NHAINC, FMV 
0 0 0 0   	 ! NHASE, NHASV, NHAGE, NHAGV 
0 0  	  ! NHSTAR, NHSINC 
1 0   1.000000000e-10 25  	 ! ITITER, ISLDIA, CONVCR, ITMAX 
OceanMesh2D
Affiliation
Made by OceanMesh2D
History: None
https://github.com/CHLNDDEV/OceanMesh2D/
Comments: None
Host: Name
Metric, Datum
name@instit.edu
2023-10-19 00:00:00 UTC
